start,end,type,night
1650336360.0,1650336950.0,wake,2022-04-19
1650337880.0,1650339740.0,wake,2022-04-19
1650340880.0,1650341520.0,wake,2022-04-19
1650342000.0,1650342160.0,wake,2022-04-19
1650342740.0,1650343090.0,wake,2022-04-19
1650343860.0,1650344080.0,wake,2022-04-19
1650344840.0,1650346840.0,wake,2022-04-19
1650369980.0,1650369990.0,wake,2022-04-19
1650370350.0,1650373330.0,wake,2022-04-19
1650373870.0,1650373960.0,wake,2022-04-19
1650374550.0,1650375120.0,wake,2022-04-19
1650376210.0,1650376790.0,wake,2022-04-19
1650377260.0,1650377540.0,wake,2022-04-19
1650378550.0,1650378610.0,wake,2022-04-19
1650379070.0,1650379230.0,wake,2022-04-19
1650379620.0,1650379720.0,wake,2022-04-19
1650333670.0,1650334030.0,motion,2022-04-19
1650335690.0,1650335870.0,motion,2022-04-19
1650336320.0,1650337530.0,motion,2022-04-19
1650337850.0,1650340020.0,motion,2022-04-19
1650340420.0,1650340480.0,motion,2022-04-19
1650340820.0,1650341520.0,motion,2022-04-19
1650341940.0,1650342220.0,motion,2022-04-19
1650342680.0,1650343240.0,motion,2022-04-19
1650343790.0,1650347530.0,motion,2022-04-19
1650352760.0,1650352840.0,motion,2022-04-19
1650357170.0,1650357220.0,motion,2022-04-19
1650360090.0,1650360110.0,motion,2022-04-19
1650362670.0,1650362720.0,motion,2022-04-19
1650363790.0,1650363820.0,motion,2022-04-19
1650365260.0,1650365290.0,motion,2022-04-19
1650366320.0,1650366340.0,motion,2022-04-19
1650367960.0,1650367990.0,motion,2022-04-19
1650368520.0,1650368540.0,motion,2022-04-19
1650369250.0,1650370000.0,motion,2022-04-19
1650370320.0,1650375320.0,motion,2022-04-19
1650375740.0,1650377540.0,motion,2022-04-19
1650377950.0,1650377960.0,motion,2022-04-19
1650378470.0,1650380170.0,motion,2022-04-19
1650247840.0,1650249200.0,wake,2022-04-18
1650249880.0,1650250420.0,wake,2022-04-18
1650250780.0,1650250790.0,wake,2022-04-18
1650251170.0,1650252300.0,wake,2022-04-18
1650252690.0,1650252760.0,wake,2022-04-18
1650254010.0,1650254470.0,wake,2022-04-18
1650254930.0,1650255180.0,wake,2022-04-18
1650270070.0,1650270110.0,wake,2022-04-18
1650275280.0,1650275360.0,wake,2022-04-18
1650285850.0,1650286180.0,wake,2022-04-18
1650286530.0,1650288510.0,wake,2022-04-18
1650288840.0,1650289570.0,wake,2022-04-18
1650289890.0,1650290430.0,wake,2022-04-18
1650290880.0,1650291350.0,wake,2022-04-18
1650291740.0,1650291920.0,wake,2022-04-18
1650247360.0,1650249260.0,motion,2022-04-18
1650249860.0,1650250790.0,motion,2022-04-18
1650251140.0,1650252290.0,motion,2022-04-18
1650252650.0,1650252720.0,motion,2022-04-18
1650253140.0,1650253160.0,motion,2022-04-18
1650253510.0,1650253550.0,motion,2022-04-18
1650253970.0,1650255140.0,motion,2022-04-18
1650255500.0,1650255830.0,motion,2022-04-18
1650259900.0,1650259920.0,motion,2022-04-18
1650264760.0,1650264780.0,motion,2022-04-18
1650265550.0,1650265840.0,motion,2022-04-18
1650268760.0,1650268790.0,motion,2022-04-18
1650270020.0,1650270100.0,motion,2022-04-18
1650272180.0,1650272200.0,motion,2022-04-18
1650273260.0,1650273290.0,motion,2022-04-18
1650273850.0,1650273890.0,motion,2022-04-18
1650275260.0,1650275360.0,motion,2022-04-18
1650276930.0,1650276950.0,motion,2022-04-18
1650280860.0,1650280880.0,motion,2022-04-18
1650282520.0,1650282550.0,motion,2022-04-18
1650284160.0,1650284170.0,motion,2022-04-18
1650285220.0,1650285360.0,motion,2022-04-18
1650285810.0,1650291900.0,motion,2022-04-18
1650075310.0,1650075400.0,wake,2022-04-16
1650077110.0,1650077130.0,wake,2022-04-16
1650077570.0,1650077750.0,wake,2022-04-16
1650078170.0,1650080470.0,wake,2022-04-16
1650082770.0,1650082820.0,wake,2022-04-16
1650084020.0,1650084430.0,wake,2022-04-16
1650085030.0,1650085780.0,wake,2022-04-16
1650086230.0,1650086450.0,wake,2022-04-16
1650086940.0,1650087060.0,wake,2022-04-16
1650111650.0,1650111700.0,wake,2022-04-16
1650116010.0,1650116960.0,wake,2022-04-16
1650118180.0,1650118220.0,wake,2022-04-16
1650120710.0,1650120910.0,wake,2022-04-16
1650074730.0,1650074750.0,motion,2022-04-16
1650075290.0,1650075620.0,motion,2022-04-16
1650076420.0,1650076750.0,motion,2022-04-16
1650077090.0,1650077130.0,motion,2022-04-16
1650077540.0,1650080770.0,motion,2022-04-16
1650082730.0,1650083340.0,motion,2022-04-16
1650083990.0,1650086450.0,motion,2022-04-16
1650086890.0,1650087040.0,motion,2022-04-16
1650088230.0,1650088250.0,motion,2022-04-16
1650089770.0,1650089790.0,motion,2022-04-16
1650091830.0,1650091850.0,motion,2022-04-16
1650097350.0,1650097390.0,motion,2022-04-16
1650098140.0,1650098170.0,motion,2022-04-16
1650101570.0,1650101590.0,motion,2022-04-16
1650102030.0,1650102050.0,motion,2022-04-16
1650102910.0,1650102940.0,motion,2022-04-16
1650108910.0,1650108930.0,motion,2022-04-16
1650110040.0,1650110060.0,motion,2022-04-16
1650110950.0,1650111270.0,motion,2022-04-16
1650111610.0,1650111670.0,motion,2022-04-16
1650113030.0,1650113040.0,motion,2022-04-16
1650113770.0,1650113880.0,motion,2022-04-16
1650115800.0,1650116920.0,motion,2022-04-16
1650117460.0,1650117590.0,motion,2022-04-16
1650118120.0,1650118790.0,motion,2022-04-16
1650119380.0,1650119400.0,motion,2022-04-16
1650120340.0,1650121190.0,motion,2022-04-16
1650160960.0,1650168810.0,wake,2022-04-17
1650169520.0,1650170060.0,wake,2022-04-17
1650171890.0,1650171930.0,wake,2022-04-17
1650172280.0,1650172500.0,wake,2022-04-17
1650173180.0,1650173250.0,wake,2022-04-17
1650174390.0,1650174960.0,wake,2022-04-17
1650199490.0,1650205660.0,wake,2022-04-17
1650160930.0,1650170050.0,motion,2022-04-17
1650171270.0,1650171290.0,motion,2022-04-17
1650171840.0,1650171910.0,motion,2022-04-17
1650172220.0,1650172570.0,motion,2022-04-17
1650173040.0,1650173240.0,motion,2022-04-17
1650174350.0,1650174920.0,motion,2022-04-17
1650175560.0,1650175590.0,motion,2022-04-17
1650180970.0,1650180990.0,motion,2022-04-17
1650184710.0,1650184730.0,motion,2022-04-17
1650194660.0,1650194680.0,motion,2022-04-17
1650195480.0,1650195500.0,motion,2022-04-17
1650196920.0,1650196950.0,motion,2022-04-17
1650197350.0,1650197370.0,motion,2022-04-17
1650197940.0,1650198850.0,motion,2022-04-17
1650199440.0,1650205660.0,motion,2022-04-17
1650206490.0,1650206660.0,motion,2022-04-17
1650207050.0,1650207370.0,motion,2022-04-17
1649989230.0,1649991280.0,wake,2022-04-15
1649991740.0,1649991820.0,wake,2022-04-15
1649992720.0,1649993520.0,wake,2022-04-15
1649996020.0,1649996110.0,wake,2022-04-15
1649996470.0,1649997190.0,wake,2022-04-15
1649997900.0,1649998630.0,wake,2022-04-15
1650028530.0,1650028550.0,wake,2022-04-15
1650028990.0,1650029110.0,wake,2022-04-15
1650029620.0,1650029680.0,wake,2022-04-15
1650030620.0,1650032630.0,wake,2022-04-15
1650032980.0,1650034630.0,wake,2022-04-15
1649988910.0,1649991360.0,motion,2022-04-15
1649991670.0,1649992120.0,motion,2022-04-15
1649992660.0,1649993530.0,motion,2022-04-15
1649995980.0,1649998620.0,motion,2022-04-15
1649999160.0,1649999200.0,motion,2022-04-15
1650000320.0,1650000340.0,motion,2022-04-15
1650006340.0,1650006350.0,motion,2022-04-15
1650008760.0,1650008780.0,motion,2022-04-15
1650013660.0,1650013920.0,motion,2022-04-15
1650014240.0,1650014450.0,motion,2022-04-15
1650015090.0,1650015350.0,motion,2022-04-15
1650016290.0,1650016310.0,motion,2022-04-15
1650017050.0,1650017060.0,motion,2022-04-15
1650019040.0,1650019070.0,motion,2022-04-15
1650019850.0,1650020180.0,motion,2022-04-15
1650022090.0,1650022120.0,motion,2022-04-15
1650024480.0,1650024510.0,motion,2022-04-15
1650025440.0,1650025460.0,motion,2022-04-15
1650025840.0,1650025980.0,motion,2022-04-15
1650026660.0,1650026750.0,motion,2022-04-15
1650028110.0,1650028540.0,motion,2022-04-15
1650028940.0,1650029070.0,motion,2022-04-15
1650029580.0,1650029640.0,motion,2022-04-15
1650030250.0,1650030270.0,motion,2022-04-15
1650030580.0,1650032640.0,motion,2022-04-15
1650032950.0,1650034630.0,motion,2022-04-15
1649901690.0,1649902910.0,wake,2022-04-14
1649903280.0,1649905680.0,wake,2022-04-14
1649906150.0,1649906400.0,wake,2022-04-14
1649906810.0,1649909910.0,wake,2022-04-14
1649915110.0,1649915510.0,wake,2022-04-14
1649937360.0,1649937410.0,wake,2022-04-14
1649938550.0,1649938870.0,wake,2022-04-14
1649939190.0,1649939400.0,wake,2022-04-14
1649939780.0,1649939860.0,wake,2022-04-14
1649942420.0,1649947020.0,wake,2022-04-14
1649947460.0,1649948220.0,wake,2022-04-14
1649901620.0,1649905680.0,motion,2022-04-14
1649906080.0,1649906380.0,motion,2022-04-14
1649906730.0,1649910270.0,motion,2022-04-14
1649910810.0,1649910930.0,motion,2022-04-14
1649915080.0,1649915590.0,motion,2022-04-14
1649917770.0,1649917790.0,motion,2022-04-14
1649925100.0,1649925120.0,motion,2022-04-14
1649928370.0,1649928390.0,motion,2022-04-14
1649930740.0,1649930760.0,motion,2022-04-14
1649933000.0,1649933010.0,motion,2022-04-14
1649933800.0,1649934010.0,motion,2022-04-14
1649935560.0,1649936000.0,motion,2022-04-14
1649936970.0,1649936980.0,motion,2022-04-14
1649937320.0,1649937370.0,motion,2022-04-14
1649938510.0,1649939810.0,motion,2022-04-14
1649940450.0,1649940470.0,motion,2022-04-14
1649940960.0,1649941130.0,motion,2022-04-14
1649941540.0,1649941910.0,motion,2022-04-14
1649942390.0,1649946980.0,motion,2022-04-14
1649947420.0,1649948180.0,motion,2022-04-14
1649815600.0,1649815620.0,wake,2022-04-13
1649816150.0,1649818560.0,wake,2022-04-13
1649819330.0,1649821120.0,wake,2022-04-13
1649821860.0,1649821900.0,wake,2022-04-13
1649823580.0,1649823650.0,wake,2022-04-13
1649839440.0,1649839500.0,wake,2022-04-13
1649851920.0,1649858720.0,wake,2022-04-13
1649859040.0,1649861140.0,wake,2022-04-13
1649861730.0,1649861790.0,wake,2022-04-13
1649815270.0,1649815570.0,motion,2022-04-13
1649815880.0,1649821400.0,motion,2022-04-13
1649821770.0,1649821900.0,motion,2022-04-13
1649822420.0,1649822440.0,motion,2022-04-13
1649823550.0,1649823610.0,motion,2022-04-13
1649824020.0,1649824280.0,motion,2022-04-13
1649838250.0,1649838280.0,motion,2022-04-13
1649839400.0,1649839460.0,motion,2022-04-13
1649840590.0,1649840610.0,motion,2022-04-13
1649843570.0,1649843590.0,motion,2022-04-13
1649844270.0,1649844290.0,motion,2022-04-13
1649846720.0,1649846740.0,motion,2022-04-13
1649847540.0,1649847550.0,motion,2022-04-13
1649848750.0,1649849040.0,motion,2022-04-13
1649849560.0,1649849590.0,motion,2022-04-13
1649850070.0,1649850080.0,motion,2022-04-13
1649850440.0,1649850780.0,motion,2022-04-13
1649851870.0,1649861760.0,motion,2022-04-13
1650336360.0,1650336950.0,wake,2022-04-19
1650337880.0,1650339740.0,wake,2022-04-19
1650340880.0,1650341520.0,wake,2022-04-19
1650342000.0,1650342160.0,wake,2022-04-19
1650342740.0,1650343090.0,wake,2022-04-19
1650343860.0,1650344080.0,wake,2022-04-19
1650344840.0,1650346840.0,wake,2022-04-19
1650369980.0,1650369990.0,wake,2022-04-19
1650370350.0,1650373330.0,wake,2022-04-19
1650373870.0,1650373960.0,wake,2022-04-19
1650374550.0,1650375120.0,wake,2022-04-19
1650376210.0,1650376790.0,wake,2022-04-19
1650377260.0,1650377540.0,wake,2022-04-19
1650378550.0,1650378610.0,wake,2022-04-19
1650379070.0,1650379230.0,wake,2022-04-19
1650379620.0,1650379720.0,wake,2022-04-19
1650382480.0,1650382580.0,wake,2022-04-19
1650383100.0,1650383440.0,wake,2022-04-19
1650385100.0,1650385170.0,wake,2022-04-19
1650385850.0,1650386060.0,wake,2022-04-19
1650386420.0,1650387340.0,wake,2022-04-19
1650387930.0,1650391180.0,wake,2022-04-19
1650333670.0,1650334030.0,motion,2022-04-19
1650335690.0,1650335870.0,motion,2022-04-19
1650336320.0,1650337530.0,motion,2022-04-19
1650337850.0,1650340020.0,motion,2022-04-19
1650340420.0,1650340480.0,motion,2022-04-19
1650340820.0,1650341520.0,motion,2022-04-19
1650341940.0,1650342220.0,motion,2022-04-19
1650342680.0,1650343240.0,motion,2022-04-19
1650343790.0,1650347530.0,motion,2022-04-19
1650352760.0,1650352840.0,motion,2022-04-19
1650357170.0,1650357220.0,motion,2022-04-19
1650360090.0,1650360110.0,motion,2022-04-19
1650362670.0,1650362720.0,motion,2022-04-19
1650363790.0,1650363820.0,motion,2022-04-19
1650365260.0,1650365290.0,motion,2022-04-19
1650366320.0,1650366340.0,motion,2022-04-19
1650367960.0,1650367990.0,motion,2022-04-19
1650368520.0,1650368540.0,motion,2022-04-19
1650369250.0,1650370000.0,motion,2022-04-19
1650370320.0,1650375320.0,motion,2022-04-19
1650375740.0,1650377540.0,motion,2022-04-19
1650377950.0,1650377960.0,motion,2022-04-19
1650378470.0,1650380170.0,motion,2022-04-19
1650381170.0,1650381540.0,motion,2022-04-19
1650382400.0,1650382550.0,motion,2022-04-19
1650383050.0,1650383430.0,motion,2022-04-19
1650384120.0,1650384480.0,motion,2022-04-19
1650385030.0,1650385450.0,motion,2022-04-19
1650385810.0,1650386060.0,motion,2022-04-19
1650386380.0,1650391170.0,motion,2022-04-19
1650247840.0,1650249200.0,wake,2022-04-18
1650249880.0,1650250420.0,wake,2022-04-18
1650250780.0,1650250790.0,wake,2022-04-18
1650251170.0,1650252300.0,wake,2022-04-18
1650252690.0,1650252760.0,wake,2022-04-18
1650254010.0,1650254470.0,wake,2022-04-18
1650254930.0,1650255180.0,wake,2022-04-18
1650270070.0,1650270110.0,wake,2022-04-18
1650275280.0,1650275360.0,wake,2022-04-18
1650285850.0,1650286180.0,wake,2022-04-18
1650286530.0,1650288510.0,wake,2022-04-18
1650288840.0,1650289570.0,wake,2022-04-18
1650289890.0,1650290430.0,wake,2022-04-18
1650290880.0,1650291350.0,wake,2022-04-18
1650291740.0,1650291920.0,wake,2022-04-18
1650294870.0,1650299100.0,wake,2022-04-18
1650299440.0,1650302070.0,wake,2022-04-18
1650302400.0,1650302570.0,wake,2022-04-18
1650302940.0,1650304750.0,wake,2022-04-18
1650247360.0,1650249260.0,motion,2022-04-18
1650249860.0,1650250790.0,motion,2022-04-18
1650251140.0,1650252290.0,motion,2022-04-18
1650252650.0,1650252720.0,motion,2022-04-18
1650253140.0,1650253160.0,motion,2022-04-18
1650253510.0,1650253550.0,motion,2022-04-18
1650253970.0,1650255140.0,motion,2022-04-18
1650255500.0,1650255830.0,motion,2022-04-18
1650259900.0,1650259920.0,motion,2022-04-18
1650264760.0,1650264780.0,motion,2022-04-18
1650265550.0,1650265840.0,motion,2022-04-18
1650268760.0,1650268790.0,motion,2022-04-18
1650270020.0,1650270100.0,motion,2022-04-18
1650272180.0,1650272200.0,motion,2022-04-18
1650273260.0,1650273290.0,motion,2022-04-18
1650273850.0,1650273890.0,motion,2022-04-18
1650275260.0,1650275360.0,motion,2022-04-18
1650276930.0,1650276950.0,motion,2022-04-18
1650280860.0,1650280880.0,motion,2022-04-18
1650282520.0,1650282550.0,motion,2022-04-18
1650284160.0,1650284170.0,motion,2022-04-18
1650285220.0,1650285360.0,motion,2022-04-18
1650285810.0,1650291900.0,motion,2022-04-18
1650294830.0,1650304710.0,motion,2022-04-18
1650075310.0,1650075400.0,wake,2022-04-16
1650077110.0,1650077130.0,wake,2022-04-16
1650077570.0,1650077750.0,wake,2022-04-16
1650078170.0,1650080470.0,wake,2022-04-16
1650082770.0,1650082820.0,wake,2022-04-16
1650084020.0,1650084430.0,wake,2022-04-16
1650085030.0,1650085780.0,wake,2022-04-16
1650086230.0,1650086450.0,wake,2022-04-16
1650086940.0,1650087060.0,wake,2022-04-16
1650111650.0,1650111700.0,wake,2022-04-16
1650116010.0,1650116960.0,wake,2022-04-16
1650118180.0,1650118220.0,wake,2022-04-16
1650120710.0,1650120910.0,wake,2022-04-16
1650121750.0,1650121780.0,wake,2022-04-16
1650122340.0,1650122520.0,wake,2022-04-16
1650124380.0,1650128570.0,wake,2022-04-16
1650128960.0,1650129140.0,wake,2022-04-16
1650131520.0,1650131790.0,wake,2022-04-16
1650074730.0,1650074750.0,motion,2022-04-16
1650075290.0,1650075620.0,motion,2022-04-16
1650076420.0,1650076750.0,motion,2022-04-16
1650077090.0,1650077130.0,motion,2022-04-16
1650077540.0,1650080770.0,motion,2022-04-16
1650082730.0,1650083340.0,motion,2022-04-16
1650083990.0,1650086450.0,motion,2022-04-16
1650086890.0,1650087040.0,motion,2022-04-16
1650088230.0,1650088250.0,motion,2022-04-16
1650089770.0,1650089790.0,motion,2022-04-16
1650091830.0,1650091850.0,motion,2022-04-16
1650097350.0,1650097390.0,motion,2022-04-16
1650098140.0,1650098170.0,motion,2022-04-16
1650101570.0,1650101590.0,motion,2022-04-16
1650102030.0,1650102050.0,motion,2022-04-16
1650102910.0,1650102940.0,motion,2022-04-16
1650108910.0,1650108930.0,motion,2022-04-16
1650110040.0,1650110060.0,motion,2022-04-16
1650110950.0,1650111270.0,motion,2022-04-16
1650111610.0,1650111670.0,motion,2022-04-16
1650113030.0,1650113040.0,motion,2022-04-16
1650113770.0,1650113880.0,motion,2022-04-16
1650115800.0,1650116920.0,motion,2022-04-16
1650117460.0,1650117590.0,motion,2022-04-16
1650118120.0,1650118790.0,motion,2022-04-16
1650119380.0,1650119400.0,motion,2022-04-16
1650120340.0,1650121190.0,motion,2022-04-16
1650121680.0,1650121770.0,motion,2022-04-16
1650122300.0,1650122630.0,motion,2022-04-16
1650123640.0,1650123650.0,motion,2022-04-16
1650124320.0,1650128540.0,motion,2022-04-16
1650128930.0,1650129280.0,motion,2022-04-16
1650131140.0,1650131930.0,motion,2022-04-16
1650160960.0,1650168810.0,wake,2022-04-17
1650169520.0,1650170060.0,wake,2022-04-17
1650171890.0,1650171930.0,wake,2022-04-17
1650172280.0,1650172500.0,wake,2022-04-17
1650173180.0,1650173250.0,wake,2022-04-17
1650174390.0,1650174960.0,wake,2022-04-17
1650199490.0,1650205660.0,wake,2022-04-17
1650208430.0,1650208650.0,wake,2022-04-17
1650210030.0,1650210510.0,wake,2022-04-17
1650211820.0,1650211840.0,wake,2022-04-17
1650212200.0,1650212270.0,wake,2022-04-17
1650213390.0,1650213700.0,wake,2022-04-17
1650214160.0,1650214710.0,wake,2022-04-17
1650215180.0,1650215410.0,wake,2022-04-17
1650217950.0,1650218010.0,wake,2022-04-17
1650160930.0,1650170050.0,motion,2022-04-17
1650171270.0,1650171290.0,motion,2022-04-17
1650171840.0,1650171910.0,motion,2022-04-17
1650172220.0,1650172570.0,motion,2022-04-17
1650173040.0,1650173240.0,motion,2022-04-17
1650174350.0,1650174920.0,motion,2022-04-17
1650175560.0,1650175590.0,motion,2022-04-17
1650180970.0,1650180990.0,motion,2022-04-17
1650184710.0,1650184730.0,motion,2022-04-17
1650194660.0,1650194680.0,motion,2022-04-17
1650195480.0,1650195500.0,motion,2022-04-17
1650196920.0,1650196950.0,motion,2022-04-17
1650197350.0,1650197370.0,motion,2022-04-17
1650197940.0,1650198850.0,motion,2022-04-17
1650199440.0,1650205660.0,motion,2022-04-17
1650206490.0,1650206660.0,motion,2022-04-17
1650207050.0,1650207370.0,motion,2022-04-17
1650207780.0,1650208050.0,motion,2022-04-17
1650208380.0,1650209210.0,motion,2022-04-17
1650209880.0,1650210500.0,motion,2022-04-17
1650211630.0,1650211830.0,motion,2022-04-17
1650212150.0,1650212470.0,motion,2022-04-17
1650213350.0,1650213700.0,motion,2022-04-17
1650214130.0,1650215480.0,motion,2022-04-17
1650217480.0,1650217510.0,motion,2022-04-17
1650217910.0,1650217980.0,motion,2022-04-17
1649989230.0,1649991280.0,wake,2022-04-15
1649991740.0,1649991820.0,wake,2022-04-15
1649992720.0,1649993520.0,wake,2022-04-15
1649996020.0,1649996110.0,wake,2022-04-15
1649996470.0,1649997190.0,wake,2022-04-15
1649997900.0,1649998630.0,wake,2022-04-15
1650028530.0,1650028550.0,wake,2022-04-15
1650028990.0,1650029110.0,wake,2022-04-15
1650029620.0,1650029680.0,wake,2022-04-15
1650030620.0,1650032630.0,wake,2022-04-15
1650032980.0,1650035150.0,wake,2022-04-15
1650035460.0,1650038720.0,wake,2022-04-15
1650039100.0,1650039560.0,wake,2022-04-15
1650039960.0,1650040080.0,wake,2022-04-15
1650041620.0,1650041670.0,wake,2022-04-15
1650042930.0,1650042960.0,wake,2022-04-15
1649988910.0,1649991360.0,motion,2022-04-15
1649991670.0,1649992120.0,motion,2022-04-15
1649992660.0,1649993530.0,motion,2022-04-15
1649995980.0,1649998620.0,motion,2022-04-15
1649999160.0,1649999200.0,motion,2022-04-15
1650000320.0,1650000340.0,motion,2022-04-15
1650006340.0,1650006350.0,motion,2022-04-15
1650008760.0,1650008780.0,motion,2022-04-15
1650013660.0,1650013920.0,motion,2022-04-15
1650014240.0,1650014450.0,motion,2022-04-15
1650015090.0,1650015350.0,motion,2022-04-15
1650016290.0,1650016310.0,motion,2022-04-15
1650017050.0,1650017060.0,motion,2022-04-15
1650019040.0,1650019070.0,motion,2022-04-15
1650019850.0,1650020180.0,motion,2022-04-15
1650022090.0,1650022120.0,motion,2022-04-15
1650024480.0,1650024510.0,motion,2022-04-15
1650025440.0,1650025460.0,motion,2022-04-15
1650025840.0,1650025980.0,motion,2022-04-15
1650026660.0,1650026750.0,motion,2022-04-15
1650028110.0,1650028540.0,motion,2022-04-15
1650028940.0,1650029070.0,motion,2022-04-15
1650029580.0,1650029640.0,motion,2022-04-15
1650030250.0,1650030270.0,motion,2022-04-15
1650030580.0,1650032640.0,motion,2022-04-15
1650032950.0,1650040090.0,motion,2022-04-15
1650040460.0,1650041650.0,motion,2022-04-15
1650042710.0,1650042950.0,motion,2022-04-15
1649901690.0,1649902910.0,wake,2022-04-14
1649903280.0,1649905680.0,wake,2022-04-14
1649906150.0,1649906400.0,wake,2022-04-14
1649906810.0,1649909910.0,wake,2022-04-14
1649915110.0,1649915510.0,wake,2022-04-14
1649937360.0,1649937410.0,wake,2022-04-14
1649938550.0,1649938870.0,wake,2022-04-14
1649939190.0,1649939400.0,wake,2022-04-14
1649939780.0,1649939860.0,wake,2022-04-14
1649942420.0,1649947020.0,wake,2022-04-14
1649947460.0,1649950620.0,wake,2022-04-14
1649951870.0,1649951960.0,wake,2022-04-14
1649952280.0,1649953540.0,wake,2022-04-14
1649954010.0,1649955620.0,wake,2022-04-14
1649901620.0,1649905680.0,motion,2022-04-14
1649906080.0,1649906380.0,motion,2022-04-14
1649906730.0,1649910270.0,motion,2022-04-14
1649910810.0,1649910930.0,motion,2022-04-14
1649915080.0,1649915590.0,motion,2022-04-14
1649917770.0,1649917790.0,motion,2022-04-14
1649925100.0,1649925120.0,motion,2022-04-14
1649928370.0,1649928390.0,motion,2022-04-14
1649930740.0,1649930760.0,motion,2022-04-14
1649933000.0,1649933010.0,motion,2022-04-14
1649933800.0,1649934010.0,motion,2022-04-14
1649935560.0,1649936000.0,motion,2022-04-14
1649936970.0,1649936980.0,motion,2022-04-14
1649937320.0,1649937370.0,motion,2022-04-14
1649938510.0,1649939810.0,motion,2022-04-14
1649940450.0,1649940470.0,motion,2022-04-14
1649940960.0,1649941130.0,motion,2022-04-14
1649941540.0,1649941910.0,motion,2022-04-14
1649942390.0,1649946980.0,motion,2022-04-14
1649947420.0,1649951390.0,motion,2022-04-14
1649951840.0,1649951940.0,motion,2022-04-14
1649952250.0,1649955690.0,motion,2022-04-14
1649815600.0,1649815620.0,wake,2022-04-13
1649816150.0,1649818560.0,wake,2022-04-13
1649819330.0,1649821120.0,wake,2022-04-13
1649821860.0,1649821900.0,wake,2022-04-13
1649823580.0,1649823650.0,wake,2022-04-13
1649839440.0,1649839500.0,wake,2022-04-13
1649851920.0,1649858720.0,wake,2022-04-13
1649859040.0,1649861140.0,wake,2022-04-13
1649861730.0,1649869890.0,wake,2022-04-13
1649870380.0,1649870420.0,wake,2022-04-13
1649871120.0,1649871690.0,wake,2022-04-13
1649872400.0,1649872410.0,wake,2022-04-13
1649815270.0,1649815570.0,motion,2022-04-13
1649815880.0,1649821400.0,motion,2022-04-13
1649821770.0,1649821900.0,motion,2022-04-13
1649822420.0,1649822440.0,motion,2022-04-13
1649823550.0,1649823610.0,motion,2022-04-13
1649824020.0,1649824280.0,motion,2022-04-13
1649838250.0,1649838280.0,motion,2022-04-13
1649839400.0,1649839460.0,motion,2022-04-13
1649840590.0,1649840610.0,motion,2022-04-13
1649843570.0,1649843590.0,motion,2022-04-13
1649844270.0,1649844290.0,motion,2022-04-13
1649846720.0,1649846740.0,motion,2022-04-13
1649847540.0,1649847550.0,motion,2022-04-13
1649848750.0,1649849040.0,motion,2022-04-13
1649849560.0,1649849590.0,motion,2022-04-13
1649850070.0,1649850080.0,motion,2022-04-13
1649850440.0,1649850780.0,motion,2022-04-13
1649851870.0,1649871670.0,motion,2022-04-13
1649872330.0,1649872600.0,motion,2022-04-13
1650336360.0,1650336950.0,wake,2022-04-19
1650337880.0,1650339740.0,wake,2022-04-19
1650340880.0,1650341520.0,wake,2022-04-19
1650342000.0,1650342160.0,wake,2022-04-19
1650342740.0,1650343090.0,wake,2022-04-19
1650343860.0,1650344080.0,wake,2022-04-19
1650344840.0,1650346840.0,wake,2022-04-19
1650369980.0,1650369990.0,wake,2022-04-19
1650370350.0,1650373330.0,wake,2022-04-19
1650373870.0,1650373960.0,wake,2022-04-19
1650374550.0,1650375120.0,wake,2022-04-19
1650376210.0,1650376790.0,wake,2022-04-19
1650377260.0,1650377540.0,wake,2022-04-19
1650378550.0,1650378610.0,wake,2022-04-19
1650379070.0,1650379230.0,wake,2022-04-19
1650379620.0,1650379720.0,wake,2022-04-19
1650382480.0,1650382580.0,wake,2022-04-19
1650383100.0,1650383440.0,wake,2022-04-19
1650385100.0,1650385170.0,wake,2022-04-19
1650385850.0,1650386060.0,wake,2022-04-19
1650386420.0,1650387340.0,wake,2022-04-19
1650387930.0,1650391180.0,wake,2022-04-19
1650333670.0,1650334030.0,motion,2022-04-19
1650335690.0,1650335870.0,motion,2022-04-19
1650336320.0,1650337530.0,motion,2022-04-19
1650337850.0,1650340020.0,motion,2022-04-19
1650340420.0,1650340480.0,motion,2022-04-19
1650340820.0,1650341520.0,motion,2022-04-19
1650341940.0,1650342220.0,motion,2022-04-19
1650342680.0,1650343240.0,motion,2022-04-19
1650343790.0,1650347530.0,motion,2022-04-19
1650352760.0,1650352840.0,motion,2022-04-19
1650357170.0,1650357220.0,motion,2022-04-19
1650360090.0,1650360110.0,motion,2022-04-19
1650362670.0,1650362720.0,motion,2022-04-19
1650363790.0,1650363820.0,motion,2022-04-19
1650365260.0,1650365290.0,motion,2022-04-19
1650366320.0,1650366340.0,motion,2022-04-19
1650367960.0,1650367990.0,motion,2022-04-19
1650368520.0,1650368540.0,motion,2022-04-19
1650369250.0,1650370000.0,motion,2022-04-19
1650370320.0,1650375320.0,motion,2022-04-19
1650375740.0,1650377540.0,motion,2022-04-19
1650377950.0,1650377960.0,motion,2022-04-19
1650378470.0,1650380170.0,motion,2022-04-19
1650381170.0,1650381540.0,motion,2022-04-19
1650382400.0,1650382550.0,motion,2022-04-19
1650383050.0,1650383430.0,motion,2022-04-19
1650384120.0,1650384480.0,motion,2022-04-19
1650385030.0,1650385450.0,motion,2022-04-19
1650385810.0,1650386060.0,motion,2022-04-19
1650386380.0,1650391170.0,motion,2022-04-19
1650247840.0,1650249200.0,wake,2022-04-18
1650249880.0,1650250420.0,wake,2022-04-18
1650250780.0,1650250790.0,wake,2022-04-18
1650251170.0,1650252300.0,wake,2022-04-18
1650252690.0,1650252760.0,wake,2022-04-18
1650254010.0,1650254470.0,wake,2022-04-18
1650254930.0,1650255180.0,wake,2022-04-18
1650270070.0,1650270110.0,wake,2022-04-18
1650275280.0,1650275360.0,wake,2022-04-18
1650285850.0,1650286180.0,wake,2022-04-18
1650286530.0,1650288510.0,wake,2022-04-18
1650288840.0,1650289570.0,wake,2022-04-18
1650289890.0,1650290430.0,wake,2022-04-18
1650290880.0,1650291350.0,wake,2022-04-18
1650291740.0,1650291920.0,wake,2022-04-18
1650294870.0,1650299100.0,wake,2022-04-18
1650299440.0,1650302070.0,wake,2022-04-18
1650302400.0,1650302570.0,wake,2022-04-18
1650302940.0,1650304750.0,wake,2022-04-18
1650247360.0,1650249260.0,motion,2022-04-18
1650249860.0,1650250790.0,motion,2022-04-18
1650251140.0,1650252290.0,motion,2022-04-18
1650252650.0,1650252720.0,motion,2022-04-18
1650253140.0,1650253160.0,motion,2022-04-18
1650253510.0,1650253550.0,motion,2022-04-18
1650253970.0,1650255140.0,motion,2022-04-18
1650255500.0,1650255830.0,motion,2022-04-18
1650259900.0,1650259920.0,motion,2022-04-18
1650264760.0,1650264780.0,motion,2022-04-18
1650265550.0,1650265840.0,motion,2022-04-18
1650268760.0,1650268790.0,motion,2022-04-18
1650270020.0,1650270100.0,motion,2022-04-18
1650272180.0,1650272200.0,motion,2022-04-18
1650273260.0,1650273290.0,motion,2022-04-18
1650273850.0,1650273890.0,motion,2022-04-18
1650275260.0,1650275360.0,motion,2022-04-18
1650276930.0,1650276950.0,motion,2022-04-18
1650280860.0,1650280880.0,motion,2022-04-18
1650282520.0,1650282550.0,motion,2022-04-18
1650284160.0,1650284170.0,motion,2022-04-18
1650285220.0,1650285360.0,motion,2022-04-18
1650285810.0,1650291900.0,motion,2022-04-18
1650294830.0,1650304710.0,motion,2022-04-18
1650075310.0,1650075400.0,wake,2022-04-16
1650077110.0,1650077130.0,wake,2022-04-16
1650077570.0,1650077750.0,wake,2022-04-16
1650078170.0,1650080470.0,wake,2022-04-16
1650082770.0,1650082820.0,wake,2022-04-16
1650084020.0,1650084430.0,wake,2022-04-16
1650085030.0,1650085780.0,wake,2022-04-16
1650086230.0,1650086450.0,wake,2022-04-16
1650086940.0,1650087060.0,wake,2022-04-16
1650111650.0,1650111700.0,wake,2022-04-16
1650116010.0,1650116960.0,wake,2022-04-16
1650118180.0,1650118220.0,wake,2022-04-16
1650120710.0,1650120910.0,wake,2022-04-16
1650121750.0,1650121780.0,wake,2022-04-16
1650122340.0,1650122520.0,wake,2022-04-16
1650124380.0,1650128570.0,wake,2022-04-16
1650128960.0,1650129140.0,wake,2022-04-16
1650131520.0,1650131790.0,wake,2022-04-16
1650074730.0,1650074750.0,motion,2022-04-16
1650075290.0,1650075620.0,motion,2022-04-16
1650076420.0,1650076750.0,motion,2022-04-16
1650077090.0,1650077130.0,motion,2022-04-16
1650077540.0,1650080770.0,motion,2022-04-16
1650082730.0,1650083340.0,motion,2022-04-16
1650083990.0,1650086450.0,motion,2022-04-16
1650086890.0,1650087040.0,motion,2022-04-16
1650088230.0,1650088250.0,motion,2022-04-16
1650089770.0,1650089790.0,motion,2022-04-16
1650091830.0,1650091850.0,motion,2022-04-16
1650097350.0,1650097390.0,motion,2022-04-16
1650098140.0,1650098170.0,motion,2022-04-16
1650101570.0,1650101590.0,motion,2022-04-16
1650102030.0,1650102050.0,motion,2022-04-16
1650102910.0,1650102940.0,motion,2022-04-16
1650108910.0,1650108930.0,motion,2022-04-16
1650110040.0,1650110060.0,motion,2022-04-16
1650110950.0,1650111270.0,motion,2022-04-16
1650111610.0,1650111670.0,motion,2022-04-16
1650113030.0,1650113040.0,motion,2022-04-16
1650113770.0,1650113880.0,motion,2022-04-16
1650115800.0,1650116920.0,motion,2022-04-16
1650117460.0,1650117590.0,motion,2022-04-16
1650118120.0,1650118790.0,motion,2022-04-16
1650119380.0,1650119400.0,motion,2022-04-16
1650120340.0,1650121190.0,motion,2022-04-16
1650121680.0,1650121770.0,motion,2022-04-16
1650122300.0,1650122630.0,motion,2022-04-16
1650123640.0,1650123650.0,motion,2022-04-16
1650124320.0,1650128540.0,motion,2022-04-16
1650128930.0,1650129280.0,motion,2022-04-16
1650131140.0,1650131930.0,motion,2022-04-16
1650160960.0,1650168810.0,wake,2022-04-17
1650169520.0,1650170060.0,wake,2022-04-17
1650171890.0,1650171930.0,wake,2022-04-17
1650172280.0,1650172500.0,wake,2022-04-17
1650173180.0,1650173250.0,wake,2022-04-17
1650174390.0,1650174960.0,wake,2022-04-17
1650199490.0,1650205660.0,wake,2022-04-17
1650208430.0,1650208650.0,wake,2022-04-17
1650210030.0,1650210510.0,wake,2022-04-17
1650211820.0,1650211840.0,wake,2022-04-17
1650212200.0,1650212270.0,wake,2022-04-17
1650213390.0,1650213700.0,wake,2022-04-17
1650214160.0,1650214710.0,wake,2022-04-17
1650215180.0,1650215410.0,wake,2022-04-17
1650217950.0,1650218010.0,wake,2022-04-17
1650160930.0,1650170050.0,motion,2022-04-17
1650171270.0,1650171290.0,motion,2022-04-17
1650171840.0,1650171910.0,motion,2022-04-17
1650172220.0,1650172570.0,motion,2022-04-17
1650173040.0,1650173240.0,motion,2022-04-17
1650174350.0,1650174920.0,motion,2022-04-17
1650175560.0,1650175590.0,motion,2022-04-17
1650180970.0,1650180990.0,motion,2022-04-17
1650184710.0,1650184730.0,motion,2022-04-17
1650194660.0,1650194680.0,motion,2022-04-17
1650195480.0,1650195500.0,motion,2022-04-17
1650196920.0,1650196950.0,motion,2022-04-17
1650197350.0,1650197370.0,motion,2022-04-17
1650197940.0,1650198850.0,motion,2022-04-17
1650199440.0,1650205660.0,motion,2022-04-17
1650206490.0,1650206660.0,motion,2022-04-17
1650207050.0,1650207370.0,motion,2022-04-17
1650207780.0,1650208050.0,motion,2022-04-17
1650208380.0,1650209210.0,motion,2022-04-17
1650209880.0,1650210500.0,motion,2022-04-17
1650211630.0,1650211830.0,motion,2022-04-17
1650212150.0,1650212470.0,motion,2022-04-17
1650213350.0,1650213700.0,motion,2022-04-17
1650214130.0,1650215480.0,motion,2022-04-17
1650217480.0,1650217510.0,motion,2022-04-17
1650217910.0,1650217980.0,motion,2022-04-17
1649989230.0,1649991280.0,wake,2022-04-15
1649991740.0,1649991820.0,wake,2022-04-15
1649992720.0,1649993520.0,wake,2022-04-15
1649996020.0,1649996110.0,wake,2022-04-15
1649996470.0,1649997190.0,wake,2022-04-15
1649997900.0,1649998630.0,wake,2022-04-15
1650028530.0,1650028550.0,wake,2022-04-15
1650028990.0,1650029110.0,wake,2022-04-15
1650029620.0,1650029680.0,wake,2022-04-15
1650030620.0,1650032630.0,wake,2022-04-15
1650032980.0,1650035150.0,wake,2022-04-15
1650035460.0,1650038720.0,wake,2022-04-15
1650039100.0,1650039560.0,wake,2022-04-15
1650039960.0,1650040080.0,wake,2022-04-15
1650041620.0,1650041670.0,wake,2022-04-15
1650042930.0,1650042960.0,wake,2022-04-15
1649988910.0,1649991360.0,motion,2022-04-15
1649991670.0,1649992120.0,motion,2022-04-15
1649992660.0,1649993530.0,motion,2022-04-15
1649995980.0,1649998620.0,motion,2022-04-15
1649999160.0,1649999200.0,motion,2022-04-15
1650000320.0,1650000340.0,motion,2022-04-15
1650006340.0,1650006350.0,motion,2022-04-15
1650008760.0,1650008780.0,motion,2022-04-15
1650013660.0,1650013920.0,motion,2022-04-15
1650014240.0,1650014450.0,motion,2022-04-15
1650015090.0,1650015350.0,motion,2022-04-15
1650016290.0,1650016310.0,motion,2022-04-15
1650017050.0,1650017060.0,motion,2022-04-15
1650019040.0,1650019070.0,motion,2022-04-15
1650019850.0,1650020180.0,motion,2022-04-15
1650022090.0,1650022120.0,motion,2022-04-15
1650024480.0,1650024510.0,motion,2022-04-15
1650025440.0,1650025460.0,motion,2022-04-15
1650025840.0,1650025980.0,motion,2022-04-15
1650026660.0,1650026750.0,motion,2022-04-15
1650028110.0,1650028540.0,motion,2022-04-15
1650028940.0,1650029070.0,motion,2022-04-15
1650029580.0,1650029640.0,motion,2022-04-15
1650030250.0,1650030270.0,motion,2022-04-15
1650030580.0,1650032640.0,motion,2022-04-15
1650032950.0,1650040090.0,motion,2022-04-15
1650040460.0,1650041650.0,motion,2022-04-15
1650042710.0,1650042950.0,motion,2022-04-15
1649901690.0,1649902910.0,wake,2022-04-14
1649903280.0,1649905680.0,wake,2022-04-14
1649906150.0,1649906400.0,wake,2022-04-14
1649906810.0,1649909910.0,wake,2022-04-14
1649915110.0,1649915510.0,wake,2022-04-14
1649937360.0,1649937410.0,wake,2022-04-14
1649938550.0,1649938870.0,wake,2022-04-14
1649939190.0,1649939400.0,wake,2022-04-14
1649939780.0,1649939860.0,wake,2022-04-14
1649942420.0,1649947020.0,wake,2022-04-14
1649947460.0,1649950620.0,wake,2022-04-14
1649951870.0,1649951960.0,wake,2022-04-14
1649952280.0,1649953540.0,wake,2022-04-14
1649954010.0,1649955620.0,wake,2022-04-14
1649901620.0,1649905680.0,motion,2022-04-14
1649906080.0,1649906380.0,motion,2022-04-14
1649906730.0,1649910270.0,motion,2022-04-14
1649910810.0,1649910930.0,motion,2022-04-14
1649915080.0,1649915590.0,motion,2022-04-14
1649917770.0,1649917790.0,motion,2022-04-14
1649925100.0,1649925120.0,motion,2022-04-14
1649928370.0,1649928390.0,motion,2022-04-14
1649930740.0,1649930760.0,motion,2022-04-14
1649933000.0,1649933010.0,motion,2022-04-14
1649933800.0,1649934010.0,motion,2022-04-14
1649935560.0,1649936000.0,motion,2022-04-14
1649936970.0,1649936980.0,motion,2022-04-14
1649937320.0,1649937370.0,motion,2022-04-14
1649938510.0,1649939810.0,motion,2022-04-14
1649940450.0,1649940470.0,motion,2022-04-14
1649940960.0,1649941130.0,motion,2022-04-14
1649941540.0,1649941910.0,motion,2022-04-14
1649942390.0,1649946980.0,motion,2022-04-14
1649947420.0,1649951390.0,motion,2022-04-14
1649951840.0,1649951940.0,motion,2022-04-14
1649952250.0,1649955690.0,motion,2022-04-14
1649815600.0,1649815620.0,wake,2022-04-13
1649816150.0,1649818560.0,wake,2022-04-13
1649819330.0,1649821120.0,wake,2022-04-13
1649821860.0,1649821900.0,wake,2022-04-13
1649823580.0,1649823650.0,wake,2022-04-13
1649839440.0,1649839500.0,wake,2022-04-13
1649851920.0,1649858720.0,wake,2022-04-13
1649859040.0,1649861140.0,wake,2022-04-13
1649861730.0,1649869890.0,wake,2022-04-13
1649870380.0,1649870420.0,wake,2022-04-13
1649871120.0,1649871690.0,wake,2022-04-13
1649872400.0,1649872410.0,wake,2022-04-13
1649815270.0,1649815570.0,motion,2022-04-13
1649815880.0,1649821400.0,motion,2022-04-13
1649821770.0,1649821900.0,motion,2022-04-13
1649822420.0,1649822440.0,motion,2022-04-13
1649823550.0,1649823610.0,motion,2022-04-13
1649824020.0,1649824280.0,motion,2022-04-13
1649838250.0,1649838280.0,motion,2022-04-13
1649839400.0,1649839460.0,motion,2022-04-13
1649840590.0,1649840610.0,motion,2022-04-13
1649843570.0,1649843590.0,motion,2022-04-13
1649844270.0,1649844290.0,motion,2022-04-13
1649846720.0,1649846740.0,motion,2022-04-13
1649847540.0,1649847550.0,motion,2022-04-13
1649848750.0,1649849040.0,motion,2022-04-13
1649849560.0,1649849590.0,motion,2022-04-13
1649850070.0,1649850080.0,motion,2022-04-13
1649850440.0,1649850780.0,motion,2022-04-13
1649851870.0,1649871670.0,motion,2022-04-13
1649872330.0,1649872600.0,motion,2022-04-13
1650333820.0,1650333830.0,wake,2022-04-19
1650336350.0,1650336990.0,wake,2022-04-19
1650337870.0,1650339810.0,wake,2022-04-19
1650340470.0,1650340510.0,wake,2022-04-19
1650340860.0,1650341570.0,wake,2022-04-19
1650341980.0,1650342230.0,wake,2022-04-19
1650342700.0,1650343100.0,wake,2022-04-19
1650343840.0,1650344080.0,wake,2022-04-19
1650344820.0,1650347130.0,wake,2022-04-19
1650362700.0,1650362750.0,wake,2022-04-19
1650368000.0,1650368040.0,wake,2022-04-19
1650369970.0,1650370030.0,wake,2022-04-19
1650370340.0,1650373450.0,wake,2022-04-19
1650373860.0,1650373980.0,wake,2022-04-19
1650374370.0,1650375150.0,wake,2022-04-19
1650375690.0,1650377570.0,wake,2022-04-19
1650378550.0,1650378620.0,wake,2022-04-19
1650379030.0,1650379250.0,wake,2022-04-19
1650379580.0,1650380040.0,wake,2022-04-19
1650381380.0,1650381390.0,wake,2022-04-19
1650382470.0,1650382610.0,wake,2022-04-19
1650383080.0,1650383440.0,wake,2022-04-19
1650385080.0,1650385180.0,wake,2022-04-19
1650385490.0,1650387610.0,wake,2022-04-19
1650387920.0,1650391190.0,wake,2022-04-19
1650333670.0,1650334170.0,motion,2022-04-19
1650335660.0,1650335870.0,motion,2022-04-19
1650336320.0,1650337540.0,motion,2022-04-19
1650337850.0,1650340490.0,motion,2022-04-19
1650340820.0,1650341530.0,motion,2022-04-19
1650341930.0,1650342220.0,motion,2022-04-19
1650342680.0,1650347540.0,motion,2022-04-19
1650351040.0,1650351060.0,motion,2022-04-19
1650352760.0,1650352840.0,motion,2022-04-19
1650353820.0,1650353840.0,motion,2022-04-19
1650357160.0,1650357220.0,motion,2022-04-19
1650360090.0,1650360120.0,motion,2022-04-19
1650361950.0,1650361970.0,motion,2022-04-19
1650362660.0,1650362720.0,motion,2022-04-19
1650363790.0,1650363830.0,motion,2022-04-19
1650364220.0,1650364240.0,motion,2022-04-19
1650365260.0,1650365290.0,motion,2022-04-19
1650366320.0,1650366340.0,motion,2022-04-19
1650367850.0,1650368010.0,motion,2022-04-19
1650368520.0,1650368540.0,motion,2022-04-19
1650369070.0,1650375330.0,motion,2022-04-19
1650375640.0,1650377970.0,motion,2022-04-19
1650378320.0,1650380170.0,motion,2022-04-19
1650380780.0,1650381550.0,motion,2022-04-19
1650382390.0,1650383430.0,motion,2022-04-19
1650383750.0,1650383770.0,motion,2022-04-19
1650384110.0,1650384480.0,motion,2022-04-19
1650385030.0,1650391170.0,motion,2022-04-19
1650247420.0,1650247440.0,wake,2022-04-18
1650247800.0,1650249320.0,wake,2022-04-18
1650249630.0,1650250830.0,wake,2022-04-18
1650251160.0,1650252310.0,wake,2022-04-18
1650252680.0,1650252760.0,wake,2022-04-18
1650254000.0,1650254470.0,wake,2022-04-18
1650254920.0,1650255200.0,wake,2022-04-18
1650270060.0,1650270120.0,wake,2022-04-18
1650275270.0,1650275370.0,wake,2022-04-18
1650285820.0,1650290440.0,wake,2022-04-18
1650290880.0,1650291940.0,wake,2022-04-18
1650294870.0,1650304750.0,wake,2022-04-18
1650247350.0,1650250790.0,motion,2022-04-18
1650251140.0,1650252730.0,motion,2022-04-18
1650253140.0,1650253160.0,motion,2022-04-18
1650253510.0,1650253560.0,motion,2022-04-18
1650253970.0,1650255180.0,motion,2022-04-18
1650255500.0,1650255830.0,motion,2022-04-18
1650256870.0,1650256880.0,motion,2022-04-18
1650259900.0,1650259920.0,motion,2022-04-18
1650261610.0,1650261630.0,motion,2022-04-18
1650263870.0,1650263890.0,motion,2022-04-18
1650264760.0,1650264780.0,motion,2022-04-18
1650265550.0,1650265840.0,motion,2022-04-18
1650267940.0,1650267960.0,motion,2022-04-18
1650268760.0,1650268790.0,motion,2022-04-18
1650270010.0,1650270100.0,motion,2022-04-18
1650270560.0,1650270580.0,motion,2022-04-18
1650272180.0,1650272200.0,motion,2022-04-18
1650273260.0,1650273300.0,motion,2022-04-18
1650273840.0,1650273890.0,motion,2022-04-18
1650275220.0,1650275360.0,motion,2022-04-18
1650276930.0,1650276950.0,motion,2022-04-18
1650280860.0,1650280880.0,motion,2022-04-18
1650282520.0,1650282550.0,motion,2022-04-18
1650284150.0,1650284170.0,motion,2022-04-18
1650285210.0,1650291900.0,motion,2022-04-18
1650294830.0,1650304720.0,motion,2022-04-18
1650075310.0,1650075630.0,wake,2022-04-16
1650077110.0,1650077130.0,wake,2022-04-16
1650077560.0,1650080790.0,wake,2022-04-16
1650082760.0,1650082830.0,wake,2022-04-16
1650083320.0,1650083380.0,wake,2022-04-16
1650084020.0,1650084430.0,wake,2022-04-16
1650085020.0,1650085800.0,wake,2022-04-16
1650086220.0,1650086500.0,wake,2022-04-16
1650086920.0,1650087070.0,wake,2022-04-16
1650111640.0,1650111710.0,wake,2022-04-16
1650113850.0,1650113870.0,wake,2022-04-16
1650116000.0,1650116970.0,wake,2022-04-16
1650117540.0,1650117550.0,wake,2022-04-16
1650118160.0,1650118490.0,wake,2022-04-16
1650120700.0,1650120920.0,wake,2022-04-16
1650121740.0,1650121820.0,wake,2022-04-16
1650122340.0,1650122630.0,wake,2022-04-16
1650124380.0,1650128600.0,wake,2022-04-16
1650128950.0,1650129170.0,wake,2022-04-16
1650131500.0,1650131840.0,wake,2022-04-16
1650074730.0,1650074760.0,motion,2022-04-16
1650075280.0,1650075630.0,motion,2022-04-16
1650075940.0,1650075960.0,motion,2022-04-16
1650076420.0,1650076760.0,motion,2022-04-16
1650077080.0,1650077130.0,motion,2022-04-16
1650077500.0,1650080780.0,motion,2022-04-16
1650082730.0,1650083350.0,motion,2022-04-16
1650083990.0,1650086450.0,motion,2022-04-16
1650086800.0,1650087040.0,motion,2022-04-16
1650088230.0,1650088250.0,motion,2022-04-16
1650089770.0,1650089790.0,motion,2022-04-16
1650091340.0,1650091360.0,motion,2022-04-16
1650091830.0,1650091850.0,motion,2022-04-16
1650092240.0,1650092270.0,motion,2022-04-16
1650096050.0,1650096070.0,motion,2022-04-16
1650097350.0,1650097390.0,motion,2022-04-16
1650098140.0,1650098170.0,motion,2022-04-16
1650098750.0,1650098770.0,motion,2022-04-16
1650099780.0,1650099800.0,motion,2022-04-16
1650100580.0,1650100600.0,motion,2022-04-16
1650101570.0,1650101630.0,motion,2022-04-16
1650102030.0,1650102050.0,motion,2022-04-16
1650102910.0,1650103000.0,motion,2022-04-16
1650105150.0,1650105310.0,motion,2022-04-16
1650107560.0,1650107600.0,motion,2022-04-16
1650108660.0,1650108930.0,motion,2022-04-16
1650110040.0,1650110120.0,motion,2022-04-16
1650110950.0,1650111280.0,motion,2022-04-16
1650111610.0,1650111670.0,motion,2022-04-16
1650113020.0,1650113040.0,motion,2022-04-16
1650113770.0,1650113880.0,motion,2022-04-16
1650115800.0,1650116920.0,motion,2022-04-16
1650117460.0,1650117590.0,motion,2022-04-16
1650118120.0,1650118790.0,motion,2022-04-16
1650119380.0,1650119530.0,motion,2022-04-16
1650119900.0,1650119920.0,motion,2022-04-16
1650120340.0,1650121780.0,motion,2022-04-16
1650122300.0,1650122630.0,motion,2022-04-16
1650123630.0,1650128560.0,motion,2022-04-16
1650128930.0,1650129290.0,motion,2022-04-16
1650130180.0,1650130200.0,motion,2022-04-16
1650130730.0,1650131940.0,motion,2022-04-16
1650160960.0,1650168830.0,wake,2022-04-17
1650169500.0,1650170090.0,wake,2022-04-17
1650171860.0,1650172510.0,wake,2022-04-17
1650173110.0,1650173270.0,wake,2022-04-17
1650174380.0,1650174970.0,wake,2022-04-17
1650175590.0,1650175660.0,wake,2022-04-17
1650180970.0,1650181010.0,wake,2022-04-17
1650198210.0,1650198290.0,wake,2022-04-17
1650198610.0,1650198630.0,wake,2022-04-17
1650199470.0,1650205680.0,wake,2022-04-17
1650206660.0,1650206700.0,wake,2022-04-17
1650207790.0,1650207820.0,wake,2022-04-17
1650208420.0,1650209240.0,wake,2022-04-17
1650210030.0,1650210540.0,wake,2022-04-17
1650211800.0,1650211860.0,wake,2022-04-17
1650212180.0,1650212530.0,wake,2022-04-17
1650213390.0,1650213720.0,wake,2022-04-17
1650214150.0,1650215570.0,wake,2022-04-17
1650217940.0,1650218020.0,wake,2022-04-17
1650160920.0,1650170060.0,motion,2022-04-17
1650171270.0,1650171290.0,motion,2022-04-17
1650171840.0,1650173340.0,motion,2022-04-17
1650173750.0,1650173770.0,motion,2022-04-17
1650174350.0,1650175640.0,motion,2022-04-17
1650180930.0,1650181000.0,motion,2022-04-17
1650184710.0,1650184730.0,motion,2022-04-17
1650185560.0,1650185580.0,motion,2022-04-17
1650187230.0,1650187250.0,motion,2022-04-17
1650188720.0,1650188740.0,motion,2022-04-17
1650189290.0,1650189310.0,motion,2022-04-17
1650194660.0,1650194690.0,motion,2022-04-17
1650195320.0,1650195500.0,motion,2022-04-17
1650196810.0,1650197370.0,motion,2022-04-17
1650197940.0,1650198850.0,motion,2022-04-17
1650199420.0,1650205660.0,motion,2022-04-17
1650206490.0,1650209210.0,motion,2022-04-17
1650209560.0,1650210500.0,motion,2022-04-17
1650211220.0,1650211240.0,motion,2022-04-17
1650211620.0,1650211840.0,motion,2022-04-17
1650212150.0,1650212730.0,motion,2022-04-17
1650213350.0,1650215830.0,motion,2022-04-17
1650216410.0,1650216430.0,motion,2022-04-17
1650216810.0,1650216830.0,motion,2022-04-17
1650217480.0,1650217510.0,motion,2022-04-17
1650217910.0,1650218120.0,motion,2022-04-17
1649989200.0,1649992130.0,wake,2022-04-15
1649992710.0,1649993560.0,wake,2022-04-15
1649996010.0,1649997200.0,wake,2022-04-15
1649997890.0,1649998650.0,wake,2022-04-15
1649999200.0,1649999250.0,wake,2022-04-15
1650026040.0,1650026050.0,wake,2022-04-15
1650028510.0,1650028600.0,wake,2022-04-15
1650028980.0,1650029110.0,wake,2022-04-15
1650029610.0,1650029680.0,wake,2022-04-15
1650030620.0,1650032650.0,wake,2022-04-15
1650032970.0,1650040130.0,wake,2022-04-15
1650040480.0,1650040530.0,wake,2022-04-15
1650041230.0,1650041690.0,wake,2022-04-15
1650042920.0,1650042960.0,wake,2022-04-15
1649988170.0,1649988180.0,motion,2022-04-15
1649988730.0,1649992290.0,motion,2022-04-15
1649992650.0,1649993540.0,motion,2022-04-15
1649995710.0,1649998630.0,motion,2022-04-15
1649999160.0,1649999220.0,motion,2022-04-15
1650000320.0,1650000340.0,motion,2022-04-15
1650003820.0,1650003840.0,motion,2022-04-15
1650006340.0,1650006360.0,motion,2022-04-15
1650008760.0,1650008780.0,motion,2022-04-15
1650013660.0,1650013930.0,motion,2022-04-15
1650014240.0,1650014450.0,motion,2022-04-15
1650015090.0,1650015350.0,motion,2022-04-15
1650016290.0,1650016320.0,motion,2022-04-15
1650017040.0,1650017070.0,motion,2022-04-15
1650019040.0,1650019070.0,motion,2022-04-15
1650019850.0,1650020180.0,motion,2022-04-15
1650022090.0,1650022120.0,motion,2022-04-15
1650024480.0,1650024510.0,motion,2022-04-15
1650025440.0,1650025470.0,motion,2022-04-15
1650025840.0,1650026050.0,motion,2022-04-15
1650026660.0,1650026750.0,motion,2022-04-15
1650028100.0,1650029070.0,motion,2022-04-15
1650029580.0,1650029910.0,motion,2022-04-15
1650030250.0,1650040120.0,motion,2022-04-15
1650040430.0,1650041840.0,motion,2022-04-15
1650042710.0,1650042950.0,motion,2022-04-15
1649901690.0,1649905710.0,wake,2022-04-14
1649906130.0,1649906410.0,wake,2022-04-14
1649906800.0,1649909930.0,wake,2022-04-14
1649910820.0,1649910870.0,wake,2022-04-14
1649915110.0,1649915520.0,wake,2022-04-14
1649933990.0,1649934040.0,wake,2022-04-14
1649937350.0,1649937410.0,wake,2022-04-14
1649938540.0,1649939880.0,wake,2022-04-14
1649941560.0,1649941640.0,wake,2022-04-14
1649942420.0,1649947030.0,wake,2022-04-14
1649947350.0,1649950640.0,wake,2022-04-14
1649951390.0,1649951450.0,wake,2022-04-14
1649951860.0,1649955620.0,wake,2022-04-14
1649901620.0,1649906390.0,motion,2022-04-14
1649906730.0,1649910270.0,motion,2022-04-14
1649910620.0,1649910940.0,motion,2022-04-14
1649915080.0,1649915590.0,motion,2022-04-14
1649917590.0,1649917790.0,motion,2022-04-14
1649921500.0,1649921510.0,motion,2022-04-14
1649924480.0,1649925120.0,motion,2022-04-14
1649926570.0,1649927140.0,motion,2022-04-14
1649928370.0,1649928390.0,motion,2022-04-14
1649929270.0,1649929280.0,motion,2022-04-14
1649930380.0,1649930400.0,motion,2022-04-14
1649930740.0,1649930760.0,motion,2022-04-14
1649932990.0,1649933010.0,motion,2022-04-14
1649933800.0,1649934220.0,motion,2022-04-14
1649935560.0,1649936000.0,motion,2022-04-14
1649936970.0,1649936990.0,motion,2022-04-14
1649937320.0,1649937380.0,motion,2022-04-14
1649937880.0,1649937900.0,motion,2022-04-14
1649938510.0,1649939880.0,motion,2022-04-14
1649940450.0,1649940470.0,motion,2022-04-14
1649940960.0,1649941140.0,motion,2022-04-14
1649941530.0,1649941920.0,motion,2022-04-14
1649942390.0,1649955690.0,motion,2022-04-14
1649815290.0,1649815620.0,wake,2022-04-13
1649816130.0,1649818570.0,wake,2022-04-13
1649819300.0,1649821390.0,wake,2022-04-13
1649821800.0,1649821970.0,wake,2022-04-13
1649822480.0,1649822510.0,wake,2022-04-13
1649823580.0,1649823660.0,wake,2022-04-13
1649824050.0,1649824060.0,wake,2022-04-13
1649839430.0,1649839510.0,wake,2022-04-13
1649850770.0,1649850800.0,wake,2022-04-13
1649851900.0,1649861150.0,wake,2022-04-13
1649861710.0,1649869940.0,wake,2022-04-13
1649870370.0,1649871700.0,wake,2022-04-13
1649872360.0,1649872450.0,wake,2022-04-13
1649815270.0,1649822490.0,motion,2022-04-13
1649822870.0,1649822880.0,motion,2022-04-13
1649823220.0,1649823620.0,motion,2022-04-13
1649824020.0,1649824280.0,motion,2022-04-13
1649829670.0,1649829700.0,motion,2022-04-13
1649833230.0,1649833240.0,motion,2022-04-13
1649835510.0,1649835530.0,motion,2022-04-13
1649838250.0,1649838280.0,motion,2022-04-13
1649839400.0,1649839470.0,motion,2022-04-13
1649840590.0,1649840610.0,motion,2022-04-13
1649843570.0,1649843600.0,motion,2022-04-13
1649844270.0,1649844390.0,motion,2022-04-13
1649845270.0,1649845280.0,motion,2022-04-13
1649846720.0,1649846740.0,motion,2022-04-13
1649847530.0,1649847560.0,motion,2022-04-13
1649848750.0,1649849040.0,motion,2022-04-13
1649849560.0,1649849590.0,motion,2022-04-13
1649850070.0,1649850100.0,motion,2022-04-13
1649850430.0,1649850790.0,motion,2022-04-13
1649851870.0,1649871670.0,motion,2022-04-13
1649872320.0,1649872610.0,motion,2022-04-13
1650336350.0,1650336960.0,wake,2022-04-19
1650337880.0,1650339790.0,wake,2022-04-19
1650340470.0,1650340510.0,wake,2022-04-19
1650340870.0,1650341530.0,wake,2022-04-19
1650341990.0,1650342160.0,wake,2022-04-19
1650342710.0,1650343090.0,wake,2022-04-19
1650343850.0,1650344080.0,wake,2022-04-19
1650344840.0,1650346840.0,wake,2022-04-19
1650369980.0,1650370000.0,wake,2022-04-19
1650370350.0,1650373420.0,wake,2022-04-19
1650373870.0,1650373960.0,wake,2022-04-19
1650374510.0,1650375120.0,wake,2022-04-19
1650375750.0,1650375760.0,wake,2022-04-19
1650376200.0,1650376940.0,wake,2022-04-19
1650377260.0,1650377540.0,wake,2022-04-19
1650378550.0,1650378620.0,wake,2022-04-19
1650379050.0,1650379240.0,wake,2022-04-19
1650379590.0,1650379720.0,wake,2022-04-19
1650380030.0,1650380040.0,wake,2022-04-19
1650382480.0,1650382580.0,wake,2022-04-19
1650383100.0,1650383440.0,wake,2022-04-19
1650385100.0,1650385180.0,wake,2022-04-19
1650385840.0,1650386100.0,wake,2022-04-19
1650386410.0,1650387350.0,wake,2022-04-19
1650387930.0,1650391190.0,wake,2022-04-19
1650333670.0,1650334170.0,motion,2022-04-19
1650335660.0,1650335870.0,motion,2022-04-19
1650336320.0,1650337530.0,motion,2022-04-19
1650337850.0,1650340020.0,motion,2022-04-19
1650340420.0,1650340490.0,motion,2022-04-19
1650340820.0,1650341530.0,motion,2022-04-19
1650341930.0,1650342220.0,motion,2022-04-19
1650342680.0,1650343240.0,motion,2022-04-19
1650343630.0,1650347530.0,motion,2022-04-19
1650352760.0,1650352840.0,motion,2022-04-19
1650357170.0,1650357220.0,motion,2022-04-19
1650360090.0,1650360110.0,motion,2022-04-19
1650362670.0,1650362720.0,motion,2022-04-19
1650363790.0,1650363820.0,motion,2022-04-19
1650364220.0,1650364240.0,motion,2022-04-19
1650365260.0,1650365290.0,motion,2022-04-19
1650367950.0,1650367990.0,motion,2022-04-19
1650368520.0,1650368540.0,motion,2022-04-19
1650369210.0,1650370010.0,motion,2022-04-19
1650370320.0,1650375320.0,motion,2022-04-19
1650375640.0,1650377640.0,motion,2022-04-19
1650377950.0,1650377970.0,motion,2022-04-19
1650378320.0,1650380170.0,motion,2022-04-19
1650380840.0,1650380850.0,motion,2022-04-19
1650381170.0,1650381550.0,motion,2022-04-19
1650382400.0,1650383430.0,motion,2022-04-19
1650383750.0,1650383760.0,motion,2022-04-19
1650384120.0,1650384480.0,motion,2022-04-19
1650385030.0,1650391170.0,motion,2022-04-19
1650247840.0,1650249310.0,wake,2022-04-18
1650249870.0,1650250450.0,wake,2022-04-18
1650250770.0,1650250820.0,wake,2022-04-18
1650251160.0,1650252300.0,wake,2022-04-18
1650252680.0,1650252760.0,wake,2022-04-18
1650254010.0,1650254470.0,wake,2022-04-18
1650254930.0,1650255190.0,wake,2022-04-18
1650270070.0,1650270110.0,wake,2022-04-18
1650275280.0,1650275370.0,wake,2022-04-18
1650285840.0,1650286200.0,wake,2022-04-18
1650286530.0,1650290430.0,wake,2022-04-18
1650290880.0,1650291360.0,wake,2022-04-18
1650291740.0,1650291920.0,wake,2022-04-18
1650294870.0,1650304750.0,wake,2022-04-18
1650247360.0,1650249260.0,motion,2022-04-18
1650249640.0,1650250790.0,motion,2022-04-18
1650251140.0,1650252720.0,motion,2022-04-18
1650253140.0,1650253160.0,motion,2022-04-18
1650253510.0,1650253550.0,motion,2022-04-18
1650253970.0,1650255150.0,motion,2022-04-18
1650255500.0,1650255830.0,motion,2022-04-18
1650259900.0,1650259920.0,motion,2022-04-18
1650263870.0,1650263890.0,motion,2022-04-18
1650264760.0,1650264780.0,motion,2022-04-18
1650265550.0,1650265840.0,motion,2022-04-18
1650268760.0,1650268790.0,motion,2022-04-18
1650270010.0,1650270100.0,motion,2022-04-18
1650270560.0,1650270580.0,motion,2022-04-18
1650272180.0,1650272200.0,motion,2022-04-18
1650273260.0,1650273290.0,motion,2022-04-18
1650273850.0,1650273890.0,motion,2022-04-18
1650275240.0,1650275360.0,motion,2022-04-18
1650276930.0,1650276950.0,motion,2022-04-18
1650280860.0,1650280880.0,motion,2022-04-18
1650282520.0,1650282550.0,motion,2022-04-18
1650284160.0,1650284170.0,motion,2022-04-18
1650285210.0,1650285360.0,motion,2022-04-18
1650285770.0,1650291890.0,motion,2022-04-18
1650294830.0,1650304720.0,motion,2022-04-18
1650075310.0,1650075620.0,wake,2022-04-16
1650077110.0,1650077130.0,wake,2022-04-16
1650077570.0,1650080780.0,wake,2022-04-16
1650082770.0,1650082830.0,wake,2022-04-16
1650083330.0,1650083360.0,wake,2022-04-16
1650084020.0,1650084430.0,wake,2022-04-16
1650085030.0,1650085790.0,wake,2022-04-16
1650086220.0,1650086470.0,wake,2022-04-16
1650086940.0,1650087070.0,wake,2022-04-16
1650111650.0,1650111700.0,wake,2022-04-16
1650116000.0,1650116970.0,wake,2022-04-16
1650118180.0,1650118230.0,wake,2022-04-16
1650120700.0,1650120920.0,wake,2022-04-16
1650121750.0,1650121780.0,wake,2022-04-16
1650122340.0,1650122520.0,wake,2022-04-16
1650124380.0,1650128600.0,wake,2022-04-16
1650128960.0,1650129150.0,wake,2022-04-16
1650131510.0,1650131840.0,wake,2022-04-16
1650074730.0,1650074750.0,motion,2022-04-16
1650075280.0,1650075620.0,motion,2022-04-16
1650076420.0,1650076760.0,motion,2022-04-16
1650077090.0,1650077130.0,motion,2022-04-16
1650077540.0,1650080780.0,motion,2022-04-16
1650082730.0,1650083340.0,motion,2022-04-16
1650083990.0,1650086450.0,motion,2022-04-16
1650086890.0,1650087040.0,motion,2022-04-16
1650088230.0,1650088250.0,motion,2022-04-16
1650089770.0,1650089790.0,motion,2022-04-16
1650091340.0,1650091360.0,motion,2022-04-16
1650091830.0,1650091850.0,motion,2022-04-16
1650092240.0,1650092260.0,motion,2022-04-16
1650097350.0,1650097390.0,motion,2022-04-16
1650098140.0,1650098170.0,motion,2022-04-16
1650101570.0,1650101630.0,motion,2022-04-16
1650102030.0,1650102050.0,motion,2022-04-16
1650102910.0,1650102940.0,motion,2022-04-16
1650107580.0,1650107600.0,motion,2022-04-16
1650108910.0,1650108930.0,motion,2022-04-16
1650110040.0,1650110060.0,motion,2022-04-16
1650110950.0,1650111280.0,motion,2022-04-16
1650111610.0,1650111670.0,motion,2022-04-16
1650113030.0,1650113040.0,motion,2022-04-16
1650113770.0,1650113880.0,motion,2022-04-16
1650115800.0,1650116920.0,motion,2022-04-16
1650117460.0,1650117590.0,motion,2022-04-16
1650118120.0,1650118790.0,motion,2022-04-16
1650119380.0,1650119400.0,motion,2022-04-16
1650120340.0,1650121190.0,motion,2022-04-16
1650121680.0,1650121780.0,motion,2022-04-16
1650122300.0,1650122630.0,motion,2022-04-16
1650123630.0,1650123930.0,motion,2022-04-16
1650124320.0,1650128550.0,motion,2022-04-16
1650128930.0,1650129280.0,motion,2022-04-16
1650130890.0,1650131930.0,motion,2022-04-16
1650160960.0,1650168820.0,wake,2022-04-17
1650169520.0,1650170070.0,wake,2022-04-17
1650171880.0,1650171930.0,wake,2022-04-17
1650172280.0,1650172500.0,wake,2022-04-17
1650173180.0,1650173250.0,wake,2022-04-17
1650174390.0,1650174960.0,wake,2022-04-17
1650175630.0,1650175650.0,wake,2022-04-17
1650199480.0,1650205670.0,wake,2022-04-17
1650206670.0,1650206700.0,wake,2022-04-17
1650208430.0,1650208920.0,wake,2022-04-17
1650209230.0,1650209240.0,wake,2022-04-17
1650210030.0,1650210510.0,wake,2022-04-17
1650211810.0,1650211850.0,wake,2022-04-17
1650212190.0,1650212480.0,wake,2022-04-17
1650213390.0,1650213700.0,wake,2022-04-17
1650214150.0,1650214720.0,wake,2022-04-17
1650215170.0,1650215530.0,wake,2022-04-17
1650217950.0,1650218020.0,wake,2022-04-17
1650160920.0,1650170060.0,motion,2022-04-17
1650171270.0,1650171290.0,motion,2022-04-17
1650171840.0,1650171910.0,motion,2022-04-17
1650172220.0,1650172570.0,motion,2022-04-17
1650173040.0,1650173330.0,motion,2022-04-17
1650173760.0,1650173770.0,motion,2022-04-17
1650174350.0,1650174920.0,motion,2022-04-17
1650175560.0,1650175640.0,motion,2022-04-17
1650180960.0,1650180990.0,motion,2022-04-17
1650184710.0,1650184730.0,motion,2022-04-17
1650194660.0,1650194690.0,motion,2022-04-17
1650195480.0,1650195500.0,motion,2022-04-17
1650196920.0,1650197370.0,motion,2022-04-17
1650197940.0,1650198850.0,motion,2022-04-17
1650199440.0,1650205660.0,motion,2022-04-17
1650206490.0,1650207380.0,motion,2022-04-17
1650207780.0,1650208060.0,motion,2022-04-17
1650208380.0,1650209210.0,motion,2022-04-17
1650209560.0,1650210500.0,motion,2022-04-17
1650211620.0,1650211830.0,motion,2022-04-17
1650212150.0,1650212720.0,motion,2022-04-17
1650213350.0,1650215560.0,motion,2022-04-17
1650216810.0,1650216830.0,motion,2022-04-17
1650217480.0,1650217510.0,motion,2022-04-17
1650217910.0,1650217980.0,motion,2022-04-17
1649989210.0,1649991350.0,wake,2022-04-15
1649991730.0,1649991830.0,wake,2022-04-15
1649992720.0,1649993520.0,wake,2022-04-15
1649996020.0,1649996120.0,wake,2022-04-15
1649996470.0,1649997200.0,wake,2022-04-15
1649997900.0,1649998640.0,wake,2022-04-15
1650028520.0,1650028550.0,wake,2022-04-15
1650028990.0,1650029110.0,wake,2022-04-15
1650029610.0,1650029680.0,wake,2022-04-15
1650030620.0,1650032640.0,wake,2022-04-15
1650032970.0,1650035150.0,wake,2022-04-15
1650035460.0,1650038770.0,wake,2022-04-15
1650039100.0,1650039560.0,wake,2022-04-15
1650039950.0,1650040080.0,wake,2022-04-15
1650041240.0,1650041250.0,wake,2022-04-15
1650041590.0,1650041680.0,wake,2022-04-15
1650042920.0,1650042960.0,wake,2022-04-15
1649988730.0,1649992120.0,motion,2022-04-15
1649992660.0,1649993540.0,motion,2022-04-15
1649995980.0,1649998620.0,motion,2022-04-15
1649999160.0,1649999200.0,motion,2022-04-15
1650000320.0,1650000340.0,motion,2022-04-15
1650006340.0,1650006360.0,motion,2022-04-15
1650008760.0,1650008780.0,motion,2022-04-15
1650013660.0,1650013920.0,motion,2022-04-15
1650014240.0,1650014450.0,motion,2022-04-15
1650015090.0,1650015350.0,motion,2022-04-15
1650016290.0,1650016310.0,motion,2022-04-15
1650017050.0,1650017060.0,motion,2022-04-15
1650019040.0,1650019070.0,motion,2022-04-15
1650019850.0,1650020180.0,motion,2022-04-15
1650022090.0,1650022120.0,motion,2022-04-15
1650024480.0,1650024510.0,motion,2022-04-15
1650025440.0,1650025460.0,motion,2022-04-15
1650025840.0,1650026050.0,motion,2022-04-15
1650026660.0,1650026750.0,motion,2022-04-15
1650028110.0,1650028540.0,motion,2022-04-15
1650028940.0,1650029070.0,motion,2022-04-15
1650029580.0,1650029640.0,motion,2022-04-15
1650030250.0,1650040090.0,motion,2022-04-15
1650040450.0,1650041840.0,motion,2022-04-15
1650042710.0,1650042950.0,motion,2022-04-15
1649901690.0,1649902910.0,wake,2022-04-14
1649903260.0,1649905680.0,wake,2022-04-14
1649906150.0,1649906400.0,wake,2022-04-14
1649906800.0,1649909920.0,wake,2022-04-14
1649910830.0,1649910850.0,wake,2022-04-14
1649915110.0,1649915510.0,wake,2022-04-14
1649937350.0,1649937410.0,wake,2022-04-14
1649938540.0,1649938880.0,wake,2022-04-14
1649939190.0,1649939870.0,wake,2022-04-14
1649941570.0,1649941630.0,wake,2022-04-14
1649942420.0,1649947020.0,wake,2022-04-14
1649947450.0,1649950630.0,wake,2022-04-14
1649951440.0,1649951450.0,wake,2022-04-14
1649951870.0,1649953550.0,wake,2022-04-14
1649954010.0,1649955620.0,wake,2022-04-14
1649901620.0,1649905680.0,motion,2022-04-14
1649906080.0,1649906380.0,motion,2022-04-14
1649906730.0,1649910270.0,motion,2022-04-14
1649910780.0,1649910930.0,motion,2022-04-14
1649915080.0,1649915590.0,motion,2022-04-14
1649917770.0,1649917790.0,motion,2022-04-14
1649921500.0,1649921510.0,motion,2022-04-14
1649924480.0,1649924490.0,motion,2022-04-14
1649925100.0,1649925120.0,motion,2022-04-14
1649927130.0,1649927140.0,motion,2022-04-14
1649928370.0,1649928390.0,motion,2022-04-14
1649929270.0,1649929280.0,motion,2022-04-14
1649930380.0,1649930400.0,motion,2022-04-14
1649930740.0,1649930760.0,motion,2022-04-14
1649933000.0,1649933010.0,motion,2022-04-14
1649933800.0,1649934220.0,motion,2022-04-14
1649935560.0,1649936000.0,motion,2022-04-14
1649936970.0,1649936990.0,motion,2022-04-14
1649937320.0,1649937370.0,motion,2022-04-14
1649938510.0,1649939870.0,motion,2022-04-14
1649940450.0,1649940470.0,motion,2022-04-14
1649940960.0,1649941140.0,motion,2022-04-14
1649941540.0,1649941910.0,motion,2022-04-14
1649942390.0,1649946980.0,motion,2022-04-14
1649947330.0,1649951390.0,motion,2022-04-14
1649951840.0,1649951940.0,motion,2022-04-14
1649952250.0,1649955690.0,motion,2022-04-14
1649815590.0,1649815620.0,wake,2022-04-13
1649816150.0,1649818560.0,wake,2022-04-13
1649819310.0,1649821330.0,wake,2022-04-13
1649821860.0,1649821950.0,wake,2022-04-13
1649823580.0,1649823660.0,wake,2022-04-13
1649839440.0,1649839500.0,wake,2022-04-13
1649851920.0,1649858720.0,wake,2022-04-13
1649859040.0,1649861150.0,wake,2022-04-13
1649861720.0,1649869900.0,wake,2022-04-13
1649870370.0,1649870430.0,wake,2022-04-13
1649871110.0,1649871700.0,wake,2022-04-13
1649872400.0,1649872410.0,wake,2022-04-13
1649815270.0,1649815570.0,motion,2022-04-13
1649815880.0,1649821900.0,motion,2022-04-13
1649822420.0,1649822440.0,motion,2022-04-13
1649823220.0,1649823620.0,motion,2022-04-13
1649824020.0,1649824280.0,motion,2022-04-13
1649829670.0,1649829680.0,motion,2022-04-13
1649833230.0,1649833240.0,motion,2022-04-13
1649838250.0,1649838280.0,motion,2022-04-13
1649839400.0,1649839470.0,motion,2022-04-13
1649840590.0,1649840610.0,motion,2022-04-13
1649843570.0,1649843600.0,motion,2022-04-13
1649844270.0,1649844390.0,motion,2022-04-13
1649845270.0,1649845280.0,motion,2022-04-13
1649846720.0,1649846740.0,motion,2022-04-13
1649847530.0,1649847550.0,motion,2022-04-13
1649848750.0,1649849040.0,motion,2022-04-13
1649849560.0,1649849590.0,motion,2022-04-13
1649850070.0,1649850100.0,motion,2022-04-13
1649850440.0,1649850790.0,motion,2022-04-13
1649851870.0,1649871670.0,motion,2022-04-13
1649872330.0,1649872600.0,motion,2022-04-13
1650336370.0,1650336780.0,wake,2022-04-19
1650337890.0,1650339750.0,wake,2022-04-19
1650340890.0,1650340900.0,wake,2022-04-19
1650341210.0,1650341520.0,wake,2022-04-19
1650342000.0,1650342150.0,wake,2022-04-19
1650342740.0,1650343090.0,wake,2022-04-19
1650343860.0,1650344070.0,wake,2022-04-19
1650344850.0,1650346820.0,wake,2022-04-19
1650369980.0,1650369990.0,wake,2022-04-19
1650370360.0,1650372280.0,wake,2022-04-19
1650372650.0,1650373310.0,wake,2022-04-19
1650373880.0,1650373950.0,wake,2022-04-19
1650374720.0,1650375120.0,wake,2022-04-19
1650376250.0,1650376530.0,wake,2022-04-19
1650377290.0,1650377540.0,wake,2022-04-19
1650378600.0,1650378610.0,wake,2022-04-19
1650379070.0,1650379210.0,wake,2022-04-19
1650382490.0,1650382580.0,wake,2022-04-19
1650383100.0,1650383430.0,wake,2022-04-19
1650385100.0,1650385170.0,wake,2022-04-19
1650385850.0,1650386050.0,wake,2022-04-19
1650386430.0,1650387300.0,wake,2022-04-19
1650387930.0,1650388800.0,wake,2022-04-19
1650389120.0,1650391180.0,wake,2022-04-19
1650333790.0,1650334020.0,motion,2022-04-19
1650335690.0,1650335860.0,motion,2022-04-19
1650336330.0,1650336890.0,motion,2022-04-19
1650337210.0,1650337530.0,motion,2022-04-19
1650337850.0,1650340020.0,motion,2022-04-19
1650340420.0,1650340480.0,motion,2022-04-19
1650340860.0,1650341530.0,motion,2022-04-19
1650341930.0,1650342160.0,motion,2022-04-19
1650342680.0,1650343240.0,motion,2022-04-19
1650343630.0,1650347060.0,motion,2022-04-19
1650347500.0,1650347520.0,motion,2022-04-19
1650352830.0,1650352840.0,motion,2022-04-19
1650357170.0,1650357220.0,motion,2022-04-19
1650360090.0,1650360110.0,motion,2022-04-19
1650362670.0,1650362720.0,motion,2022-04-19
1650363790.0,1650363820.0,motion,2022-04-19
1650365260.0,1650365290.0,motion,2022-04-19
1650367960.0,1650367990.0,motion,2022-04-19
1650368520.0,1650368540.0,motion,2022-04-19
1650369410.0,1650370010.0,motion,2022-04-19
1650370320.0,1650375320.0,motion,2022-04-19
1650375640.0,1650377640.0,motion,2022-04-19
1650377950.0,1650377960.0,motion,2022-04-19
1650378320.0,1650378570.0,motion,2022-04-19
1650379010.0,1650380170.0,motion,2022-04-19
1650381170.0,1650381540.0,motion,2022-04-19
1650382400.0,1650382550.0,motion,2022-04-19
1650383060.0,1650383430.0,motion,2022-04-19
1650384120.0,1650384480.0,motion,2022-04-19
1650385040.0,1650385440.0,motion,2022-04-19
1650385810.0,1650386060.0,motion,2022-04-19
1650386390.0,1650391160.0,motion,2022-04-19
1650247840.0,1650249290.0,wake,2022-04-18
1650249880.0,1650250400.0,wake,2022-04-18
1650251180.0,1650252300.0,wake,2022-04-18
1650252690.0,1650252760.0,wake,2022-04-18
1650254010.0,1650254460.0,wake,2022-04-18
1650254940.0,1650255180.0,wake,2022-04-18
1650270080.0,1650270100.0,wake,2022-04-18
1650275320.0,1650275370.0,wake,2022-04-18
1650285850.0,1650286150.0,wake,2022-04-18
1650286540.0,1650288510.0,wake,2022-04-18
1650288850.0,1650289570.0,wake,2022-04-18
1650289890.0,1650290430.0,wake,2022-04-18
1650290890.0,1650291340.0,wake,2022-04-18
1650291750.0,1650291910.0,wake,2022-04-18
1650294870.0,1650299090.0,wake,2022-04-18
1650299450.0,1650302060.0,wake,2022-04-18
1650302410.0,1650302570.0,wake,2022-04-18
1650302940.0,1650304730.0,wake,2022-04-18
1650247360.0,1650247380.0,motion,2022-04-18
1650247770.0,1650249260.0,motion,2022-04-18
1650249860.0,1650250790.0,motion,2022-04-18
1650251140.0,1650252270.0,motion,2022-04-18
1650252660.0,1650252720.0,motion,2022-04-18
1650253140.0,1650253160.0,motion,2022-04-18
1650253510.0,1650253550.0,motion,2022-04-18
1650253970.0,1650254410.0,motion,2022-04-18
1650254900.0,1650255140.0,motion,2022-04-18
1650259910.0,1650259920.0,motion,2022-04-18
1650264760.0,1650264780.0,motion,2022-04-18
1650265550.0,1650265840.0,motion,2022-04-18
1650268760.0,1650268780.0,motion,2022-04-18
1650270020.0,1650270090.0,motion,2022-04-18
1650272180.0,1650272200.0,motion,2022-04-18
1650273260.0,1650273290.0,motion,2022-04-18
1650273850.0,1650273890.0,motion,2022-04-18
1650275260.0,1650275360.0,motion,2022-04-18
1650280860.0,1650280880.0,motion,2022-04-18
1650282520.0,1650282550.0,motion,2022-04-18
1650284160.0,1650284170.0,motion,2022-04-18
1650285220.0,1650285360.0,motion,2022-04-18
1650285810.0,1650291890.0,motion,2022-04-18
1650294840.0,1650304700.0,motion,2022-04-18
1650075310.0,1650075400.0,wake,2022-04-16
1650077110.0,1650077130.0,wake,2022-04-16
1650077570.0,1650077750.0,wake,2022-04-16
1650078180.0,1650080460.0,wake,2022-04-16
1650084020.0,1650084420.0,wake,2022-04-16
1650085040.0,1650085080.0,wake,2022-04-16
1650085390.0,1650085780.0,wake,2022-04-16
1650086230.0,1650086450.0,wake,2022-04-16
1650086950.0,1650087050.0,wake,2022-04-16
1650116020.0,1650116960.0,wake,2022-04-16
1650118180.0,1650118210.0,wake,2022-04-16
1650120710.0,1650120910.0,wake,2022-04-16
1650121760.0,1650121770.0,wake,2022-04-16
1650122350.0,1650122520.0,wake,2022-04-16
1650124390.0,1650126170.0,wake,2022-04-16
1650126630.0,1650126700.0,wake,2022-04-16
1650127200.0,1650128040.0,wake,2022-04-16
1650128360.0,1650128560.0,wake,2022-04-16
1650128970.0,1650129140.0,wake,2022-04-16
1650131520.0,1650131780.0,wake,2022-04-16
1650074740.0,1650074750.0,motion,2022-04-16
1650075280.0,1650075620.0,motion,2022-04-16
1650076420.0,1650076750.0,motion,2022-04-16
1650077090.0,1650077130.0,motion,2022-04-16
1650077540.0,1650080430.0,motion,2022-04-16
1650080740.0,1650080770.0,motion,2022-04-16
1650082730.0,1650083340.0,motion,2022-04-16
1650083990.0,1650086450.0,motion,2022-04-16
1650086890.0,1650087040.0,motion,2022-04-16
1650088240.0,1650088250.0,motion,2022-04-16
1650089770.0,1650089790.0,motion,2022-04-16
1650097360.0,1650097390.0,motion,2022-04-16
1650098140.0,1650098160.0,motion,2022-04-16
1650101570.0,1650101590.0,motion,2022-04-16
1650102030.0,1650102050.0,motion,2022-04-16
1650102910.0,1650102940.0,motion,2022-04-16
1650108910.0,1650108930.0,motion,2022-04-16
1650110040.0,1650110060.0,motion,2022-04-16
1650110950.0,1650111270.0,motion,2022-04-16
1650111610.0,1650111660.0,motion,2022-04-16
1650113770.0,1650113880.0,motion,2022-04-16
1650115800.0,1650116910.0,motion,2022-04-16
1650117460.0,1650117590.0,motion,2022-04-16
1650118120.0,1650118400.0,motion,2022-04-16
1650118760.0,1650118790.0,motion,2022-04-16
1650119380.0,1650119390.0,motion,2022-04-16
1650120350.0,1650121190.0,motion,2022-04-16
1650121690.0,1650121770.0,motion,2022-04-16
1650122300.0,1650122630.0,motion,2022-04-16
1650124330.0,1650128540.0,motion,2022-04-16
1650128930.0,1650129280.0,motion,2022-04-16
1650131140.0,1650131790.0,motion,2022-04-16
1650160970.0,1650167090.0,wake,2022-04-17
1650167520.0,1650168430.0,wake,2022-04-17
1650168740.0,1650168810.0,wake,2022-04-17
1650169540.0,1650170060.0,wake,2022-04-17
1650171890.0,1650171930.0,wake,2022-04-17
1650172300.0,1650172490.0,wake,2022-04-17
1650173230.0,1650173240.0,wake,2022-04-17
1650174390.0,1650174950.0,wake,2022-04-17
1650199490.0,1650201500.0,wake,2022-04-17
1650201810.0,1650205550.0,wake,2022-04-17
1650208430.0,1650208920.0,wake,2022-04-17
1650210030.0,1650210490.0,wake,2022-04-17
1650212220.0,1650212250.0,wake,2022-04-17
1650213620.0,1650213690.0,wake,2022-04-17
1650214170.0,1650214690.0,wake,2022-04-17
1650215180.0,1650215400.0,wake,2022-04-17
1650217960.0,1650218000.0,wake,2022-04-17
1650160930.0,1650170050.0,motion,2022-04-17
1650171270.0,1650171290.0,motion,2022-04-17
1650171840.0,1650171910.0,motion,2022-04-17
1650172220.0,1650172460.0,motion,2022-04-17
1650173040.0,1650173240.0,motion,2022-04-17
1650174350.0,1650174920.0,motion,2022-04-17
1650175570.0,1650175590.0,motion,2022-04-17
1650180970.0,1650180990.0,motion,2022-04-17
1650184710.0,1650184730.0,motion,2022-04-17
1650194660.0,1650194690.0,motion,2022-04-17
1650195480.0,1650195500.0,motion,2022-04-17
1650196920.0,1650196950.0,motion,2022-04-17
1650197350.0,1650197370.0,motion,2022-04-17
1650197940.0,1650198850.0,motion,2022-04-17
1650199450.0,1650205660.0,motion,2022-04-17
1650206610.0,1650206660.0,motion,2022-04-17
1650207050.0,1650207370.0,motion,2022-04-17
1650207780.0,1650208060.0,motion,2022-04-17
1650208380.0,1650209210.0,motion,2022-04-17
1650209880.0,1650210490.0,motion,2022-04-17
1650211630.0,1650211830.0,motion,2022-04-17
1650212180.0,1650212480.0,motion,2022-04-17
1650213350.0,1650213630.0,motion,2022-04-17
1650214130.0,1650215480.0,motion,2022-04-17
1650217480.0,1650217510.0,motion,2022-04-17
1650217910.0,1650217980.0,motion,2022-04-17
1649989260.0,1649991060.0,wake,2022-04-15
1649992730.0,1649993520.0,wake,2022-04-15
1649996030.0,1649996110.0,wake,2022-04-15
1649996470.0,1649997180.0,wake,2022-04-15
1649997900.0,1649998630.0,wake,2022-04-15
1650028530.0,1650028550.0,wake,2022-04-15
1650029000.0,1650029100.0,wake,2022-04-15
1650029620.0,1650029670.0,wake,2022-04-15
1650030640.0,1650032630.0,wake,2022-04-15
1650032980.0,1650034540.0,wake,2022-04-15
1650034940.0,1650035110.0,wake,2022-04-15
1650035460.0,1650038720.0,wake,2022-04-15
1650039110.0,1650039560.0,wake,2022-04-15
1650039970.0,1650040080.0,wake,2022-04-15
1650041620.0,1650041660.0,wake,2022-04-15
1650042930.0,1650042960.0,wake,2022-04-15
1649988910.0,1649991360.0,motion,2022-04-15
1649991670.0,1649992120.0,motion,2022-04-15
1649992660.0,1649993540.0,motion,2022-04-15
1649995980.0,1649998620.0,motion,2022-04-15
1649999160.0,1649999180.0,motion,2022-04-15
1650000320.0,1650000340.0,motion,2022-04-15
1650006340.0,1650006350.0,motion,2022-04-15
1650008770.0,1650008780.0,motion,2022-04-15
1650013660.0,1650013920.0,motion,2022-04-15
1650015090.0,1650015350.0,motion,2022-04-15
1650016290.0,1650016310.0,motion,2022-04-15
1650017050.0,1650017060.0,motion,2022-04-15
1650019040.0,1650019070.0,motion,2022-04-15
1650019850.0,1650020180.0,motion,2022-04-15
1650022090.0,1650022120.0,motion,2022-04-15
1650025440.0,1650025460.0,motion,2022-04-15
1650025850.0,1650026050.0,motion,2022-04-15
1650026660.0,1650026680.0,motion,2022-04-15
1650028110.0,1650028540.0,motion,2022-04-15
1650028940.0,1650029070.0,motion,2022-04-15
1650029580.0,1650029640.0,motion,2022-04-15
1650030580.0,1650032640.0,motion,2022-04-15
1650032950.0,1650040090.0,motion,2022-04-15
1650040460.0,1650040490.0,motion,2022-04-15
1650040920.0,1650041650.0,motion,2022-04-15
1650042710.0,1650042950.0,motion,2022-04-15
1649901690.0,1649902900.0,wake,2022-04-14
1649903290.0,1649905680.0,wake,2022-04-14
1649906160.0,1649906400.0,wake,2022-04-14
1649906810.0,1649909890.0,wake,2022-04-14
1649915110.0,1649915490.0,wake,2022-04-14
1649937360.0,1649937400.0,wake,2022-04-14
1649938560.0,1649938870.0,wake,2022-04-14
1649939780.0,1649939870.0,wake,2022-04-14
1649942420.0,1649947020.0,wake,2022-04-14
1649947460.0,1649949670.0,wake,2022-04-14
1649949980.0,1649950620.0,wake,2022-04-14
1649951870.0,1649953510.0,wake,2022-04-14
1649954030.0,1649955620.0,wake,2022-04-14
1649901620.0,1649902850.0,motion,2022-04-14
1649903230.0,1649905680.0,motion,2022-04-14
1649906080.0,1649906380.0,motion,2022-04-14
1649906730.0,1649909880.0,motion,2022-04-14
1649910240.0,1649910260.0,motion,2022-04-14
1649910810.0,1649910930.0,motion,2022-04-14
1649915080.0,1649915590.0,motion,2022-04-14
1649917770.0,1649917790.0,motion,2022-04-14
1649924480.0,1649924490.0,motion,2022-04-14
1649933000.0,1649933010.0,motion,2022-04-14
1649933800.0,1649934010.0,motion,2022-04-14
1649935810.0,1649936000.0,motion,2022-04-14
1649937320.0,1649937370.0,motion,2022-04-14
1649938510.0,1649938830.0,motion,2022-04-14
1649939160.0,1649939810.0,motion,2022-04-14
1649940450.0,1649940470.0,motion,2022-04-14
1649940970.0,1649941130.0,motion,2022-04-14
1649941550.0,1649941580.0,motion,2022-04-14
1649942390.0,1649946980.0,motion,2022-04-14
1649947420.0,1649950710.0,motion,2022-04-14
1649951110.0,1649951380.0,motion,2022-04-14
1649951840.0,1649951940.0,motion,2022-04-14
1649952250.0,1649955690.0,motion,2022-04-14
1649816180.0,1649817740.0,wake,2022-04-13
1649818060.0,1649818550.0,wake,2022-04-13
1649819440.0,1649819550.0,wake,2022-04-13
1649820130.0,1649821120.0,wake,2022-04-13
1649823580.0,1649823650.0,wake,2022-04-13
1649839450.0,1649839490.0,wake,2022-04-13
1649851930.0,1649858710.0,wake,2022-04-13
1649859050.0,1649860520.0,wake,2022-04-13
1649860830.0,1649861130.0,wake,2022-04-13
1649861730.0,1649869480.0,wake,2022-04-13
1649869790.0,1649869890.0,wake,2022-04-13
1649870380.0,1649870420.0,wake,2022-04-13
1649871130.0,1649871140.0,wake,2022-04-13
1649871590.0,1649871680.0,wake,2022-04-13
1649815280.0,1649815570.0,motion,2022-04-13
1649815880.0,1649818880.0,motion,2022-04-13
1649819270.0,1649821400.0,motion,2022-04-13
1649821750.0,1649821890.0,motion,2022-04-13
1649822420.0,1649822440.0,motion,2022-04-13
1649823550.0,1649823610.0,motion,2022-04-13
1649824020.0,1649824060.0,motion,2022-04-13
1649833230.0,1649833240.0,motion,2022-04-13
1649838250.0,1649838280.0,motion,2022-04-13
1649839400.0,1649839460.0,motion,2022-04-13
1649840590.0,1649840610.0,motion,2022-04-13
1649843570.0,1649843590.0,motion,2022-04-13
1649844270.0,1649844290.0,motion,2022-04-13
1649845270.0,1649845280.0,motion,2022-04-13
1649847540.0,1649847550.0,motion,2022-04-13
1649848750.0,1649848770.0,motion,2022-04-13
1649849570.0,1649849590.0,motion,2022-04-13
1649850070.0,1649850080.0,motion,2022-04-13
1649850440.0,1649850730.0,motion,2022-04-13
1649851870.0,1649860480.0,motion,2022-04-13
1649860790.0,1649870400.0,motion,2022-04-13
1649870720.0,1649871670.0,motion,2022-04-13
1649872330.0,1649872600.0,motion,2022-04-13
1650336370.0,1650336660.0,wake,2022-04-19
1650337910.0,1650338980.0,wake,2022-04-19
1650339560.0,1650339730.0,wake,2022-04-19
1650341480.0,1650341490.0,wake,2022-04-19
1650342010.0,1650342120.0,wake,2022-04-19
1650342750.0,1650342900.0,wake,2022-04-19
1650344030.0,1650344050.0,wake,2022-04-19
1650345060.0,1650346810.0,wake,2022-04-19
1650370370.0,1650372280.0,wake,2022-04-19
1650372670.0,1650372780.0,wake,2022-04-19
1650373150.0,1650373300.0,wake,2022-04-19
1650373890.0,1650373940.0,wake,2022-04-19
1650374730.0,1650374830.0,wake,2022-04-19
1650376320.0,1650376520.0,wake,2022-04-19
1650377340.0,1650377530.0,wake,2022-04-19
1650379180.0,1650379200.0,wake,2022-04-19
1650382530.0,1650382570.0,wake,2022-04-19
1650385110.0,1650385120.0,wake,2022-04-19
1650385860.0,1650385980.0,wake,2022-04-19
1650386470.0,1650386620.0,wake,2022-04-19
1650386980.0,1650387290.0,wake,2022-04-19
1650387930.0,1650388780.0,wake,2022-04-19
1650389140.0,1650391160.0,wake,2022-04-19
1650333800.0,1650334020.0,motion,2022-04-19
1650335690.0,1650335860.0,motion,2022-04-19
1650336330.0,1650336890.0,motion,2022-04-19
1650337220.0,1650337530.0,motion,2022-04-19
1650337860.0,1650340010.0,motion,2022-04-19
1650340430.0,1650340460.0,motion,2022-04-19
1650340860.0,1650341520.0,motion,2022-04-19
1650341930.0,1650342160.0,motion,2022-04-19
1650342680.0,1650343230.0,motion,2022-04-19
1650343630.0,1650344140.0,motion,2022-04-19
1650344510.0,1650347000.0,motion,2022-04-19
1650347500.0,1650347520.0,motion,2022-04-19
1650352830.0,1650352840.0,motion,2022-04-19
1650357190.0,1650357200.0,motion,2022-04-19
1650360100.0,1650360110.0,motion,2022-04-19
1650362690.0,1650362720.0,motion,2022-04-19
1650363790.0,1650363820.0,motion,2022-04-19
1650365260.0,1650365290.0,motion,2022-04-19
1650367960.0,1650367980.0,motion,2022-04-19
1650368520.0,1650368540.0,motion,2022-04-19
1650369990.0,1650370000.0,motion,2022-04-19
1650370320.0,1650375320.0,motion,2022-04-19
1650375640.0,1650375760.0,motion,2022-04-19
1650376190.0,1650377480.0,motion,2022-04-19
1650377950.0,1650377960.0,motion,2022-04-19
1650378320.0,1650378570.0,motion,2022-04-19
1650379010.0,1650380170.0,motion,2022-04-19
1650381310.0,1650381540.0,motion,2022-04-19
1650382400.0,1650382540.0,motion,2022-04-19
1650383060.0,1650383380.0,motion,2022-04-19
1650384130.0,1650384140.0,motion,2022-04-19
1650384460.0,1650384480.0,motion,2022-04-19
1650385090.0,1650385130.0,motion,2022-04-19
1650385820.0,1650386020.0,motion,2022-04-19
1650386390.0,1650391150.0,motion,2022-04-19
1650248010.0,1650248090.0,wake,2022-04-18
1650248530.0,1650249110.0,wake,2022-04-18
1650249890.0,1650250390.0,wake,2022-04-18
1650251180.0,1650251710.0,wake,2022-04-18
1650252030.0,1650252040.0,wake,2022-04-18
1650252700.0,1650252750.0,wake,2022-04-18
1650254010.0,1650254460.0,wake,2022-04-18
1650254940.0,1650255020.0,wake,2022-04-18
1650275340.0,1650275350.0,wake,2022-04-18
1650285860.0,1650286000.0,wake,2022-04-18
1650286560.0,1650288500.0,wake,2022-04-18
1650289010.0,1650289020.0,wake,2022-04-18
1650289920.0,1650290410.0,wake,2022-04-18
1650290910.0,1650291310.0,wake,2022-04-18
1650291880.0,1650291900.0,wake,2022-04-18
1650294890.0,1650299080.0,wake,2022-04-18
1650299660.0,1650300140.0,wake,2022-04-18
1650300460.0,1650300550.0,wake,2022-04-18
1650300930.0,1650302050.0,wake,2022-04-18
1650302410.0,1650302550.0,wake,2022-04-18
1650303430.0,1650303560.0,wake,2022-04-18
1650303940.0,1650304180.0,wake,2022-04-18
1650304650.0,1650304710.0,wake,2022-04-18
1650247360.0,1650247380.0,motion,2022-04-18
1650247770.0,1650249250.0,motion,2022-04-18
1650249870.0,1650250570.0,motion,2022-04-18
1650251140.0,1650251660.0,motion,2022-04-18
1650252010.0,1650252270.0,motion,2022-04-18
1650252660.0,1650252720.0,motion,2022-04-18
1650253150.0,1650253160.0,motion,2022-04-18
1650253520.0,1650253540.0,motion,2022-04-18
1650253970.0,1650254410.0,motion,2022-04-18
1650254900.0,1650255130.0,motion,2022-04-18
1650264760.0,1650264780.0,motion,2022-04-18
1650265550.0,1650265580.0,motion,2022-04-18
1650268770.0,1650268780.0,motion,2022-04-18
1650270020.0,1650270090.0,motion,2022-04-18
1650272180.0,1650272200.0,motion,2022-04-18
1650273260.0,1650273290.0,motion,2022-04-18
1650273850.0,1650273890.0,motion,2022-04-18
1650275260.0,1650275360.0,motion,2022-04-18
1650282520.0,1650282550.0,motion,2022-04-18
1650285220.0,1650285360.0,motion,2022-04-18
1650285840.0,1650290400.0,motion,2022-04-18
1650290850.0,1650291890.0,motion,2022-04-18
1650294840.0,1650304680.0,motion,2022-04-18
1650075330.0,1650075390.0,wake,2022-04-16
1650077610.0,1650077640.0,wake,2022-04-16
1650078870.0,1650080450.0,wake,2022-04-16
1650084030.0,1650084410.0,wake,2022-04-16
1650085050.0,1650085070.0,wake,2022-04-16
1650085390.0,1650085400.0,wake,2022-04-16
1650086240.0,1650086440.0,wake,2022-04-16
1650086970.0,1650087040.0,wake,2022-04-16
1650116020.0,1650116950.0,wake,2022-04-16
1650118190.0,1650118210.0,wake,2022-04-16
1650120720.0,1650120900.0,wake,2022-04-16
1650122360.0,1650122450.0,wake,2022-04-16
1650124390.0,1650126150.0,wake,2022-04-16
1650127210.0,1650128020.0,wake,2022-04-16
1650128380.0,1650128550.0,wake,2022-04-16
1650128980.0,1650129130.0,wake,2022-04-16
1650131530.0,1650131690.0,wake,2022-04-16
1650075290.0,1650075620.0,motion,2022-04-16
1650076430.0,1650076450.0,motion,2022-04-16
1650077090.0,1650077130.0,motion,2022-04-16
1650077540.0,1650080430.0,motion,2022-04-16
1650080740.0,1650080770.0,motion,2022-04-16
1650082740.0,1650083010.0,motion,2022-04-16
1650083990.0,1650084580.0,motion,2022-04-16
1650085010.0,1650085060.0,motion,2022-04-16
1650085370.0,1650086450.0,motion,2022-04-16
1650086910.0,1650087040.0,motion,2022-04-16
1650089770.0,1650089790.0,motion,2022-04-16
1650097360.0,1650097380.0,motion,2022-04-16
1650098140.0,1650098160.0,motion,2022-04-16
1650101570.0,1650101590.0,motion,2022-04-16
1650102910.0,1650102940.0,motion,2022-04-16
1650111080.0,1650111270.0,motion,2022-04-16
1650111620.0,1650111660.0,motion,2022-04-16
1650113770.0,1650113880.0,motion,2022-04-16
1650115990.0,1650116910.0,motion,2022-04-16
1650117460.0,1650117590.0,motion,2022-04-16
1650118130.0,1650118190.0,motion,2022-04-16
1650118770.0,1650118780.0,motion,2022-04-16
1650120650.0,1650121190.0,motion,2022-04-16
1650121690.0,1650121770.0,motion,2022-04-16
1650122310.0,1650122620.0,motion,2022-04-16
1650124330.0,1650128530.0,motion,2022-04-16
1650128930.0,1650129280.0,motion,2022-04-16
1650131450.0,1650131790.0,motion,2022-04-16
1650160980.0,1650162130.0,wake,2022-04-17
1650162540.0,1650167070.0,wake,2022-04-17
1650167530.0,1650168430.0,wake,2022-04-17
1650168760.0,1650168800.0,wake,2022-04-17
1650169620.0,1650170050.0,wake,2022-04-17
1650172450.0,1650172480.0,wake,2022-04-17
1650174400.0,1650174940.0,wake,2022-04-17
1650199840.0,1650201490.0,wake,2022-04-17
1650201830.0,1650202890.0,wake,2022-04-17
1650203460.0,1650205540.0,wake,2022-04-17
1650208450.0,1650208470.0,wake,2022-04-17
1650210040.0,1650210440.0,wake,2022-04-17
1650213640.0,1650213670.0,wake,2022-04-17
1650214180.0,1650214620.0,wake,2022-04-17
1650160930.0,1650168940.0,motion,2022-04-17
1650169470.0,1650170040.0,motion,2022-04-17
1650171840.0,1650171900.0,motion,2022-04-17
1650172220.0,1650172460.0,motion,2022-04-17
1650173040.0,1650173240.0,motion,2022-04-17
1650174360.0,1650174910.0,motion,2022-04-17
1650175570.0,1650175580.0,motion,2022-04-17
1650180980.0,1650180990.0,motion,2022-04-17
1650194660.0,1650194690.0,motion,2022-04-17
1650197350.0,1650197370.0,motion,2022-04-17
1650198130.0,1650198150.0,motion,2022-04-17
1650198460.0,1650198670.0,motion,2022-04-17
1650199480.0,1650205640.0,motion,2022-04-17
1650206610.0,1650206660.0,motion,2022-04-17
1650207050.0,1650207370.0,motion,2022-04-17
1650207790.0,1650208050.0,motion,2022-04-17
1650208390.0,1650209200.0,motion,2022-04-17
1650209880.0,1650210390.0,motion,2022-04-17
1650211630.0,1650211830.0,motion,2022-04-17
1650212180.0,1650212480.0,motion,2022-04-17
1650213360.0,1650213620.0,motion,2022-04-17
1650214130.0,1650215470.0,motion,2022-04-17
1650217480.0,1650217500.0,motion,2022-04-17
1650217920.0,1650217970.0,motion,2022-04-17
1649989360.0,1649991030.0,wake,2022-04-15
1649992740.0,1649993430.0,wake,2022-04-15
1649996040.0,1649996100.0,wake,2022-04-15
1649996780.0,1649996810.0,wake,2022-04-15
1649997160.0,1649997170.0,wake,2022-04-15
1649997920.0,1649998570.0,wake,2022-04-15
1650029020.0,1650029100.0,wake,2022-04-15
1650030640.0,1650032500.0,wake,2022-04-15
1650032990.0,1650034530.0,wake,2022-04-15
1650034940.0,1650035080.0,wake,2022-04-15
1650035480.0,1650038710.0,wake,2022-04-15
1650039140.0,1650039550.0,wake,2022-04-15
1650039980.0,1650040020.0,wake,2022-04-15
1650042930.0,1650042960.0,wake,2022-04-15
1649988910.0,1649991290.0,motion,2022-04-15
1649991680.0,1649992120.0,motion,2022-04-15
1649992660.0,1649993540.0,motion,2022-04-15
1649995990.0,1649996070.0,motion,2022-04-15
1649996440.0,1649997170.0,motion,2022-04-15
1649997710.0,1649998610.0,motion,2022-04-15
1649999160.0,1649999180.0,motion,2022-04-15
1650000320.0,1650000330.0,motion,2022-04-15
1650006340.0,1650006350.0,motion,2022-04-15
1650013660.0,1650013920.0,motion,2022-04-15
1650015090.0,1650015100.0,motion,2022-04-15
1650016290.0,1650016310.0,motion,2022-04-15
1650019050.0,1650019060.0,motion,2022-04-15
1650020160.0,1650020180.0,motion,2022-04-15
1650022100.0,1650022110.0,motion,2022-04-15
1650025440.0,1650025460.0,motion,2022-04-15
1650025850.0,1650025870.0,motion,2022-04-15
1650028110.0,1650028540.0,motion,2022-04-15
1650028950.0,1650029070.0,motion,2022-04-15
1650029590.0,1650029630.0,motion,2022-04-15
1650030580.0,1650032640.0,motion,2022-04-15
1650032960.0,1650039520.0,motion,2022-04-15
1650039910.0,1650040090.0,motion,2022-04-15
1650040470.0,1650040490.0,motion,2022-04-15
1650040920.0,1650040930.0,motion,2022-04-15
1650041510.0,1650041640.0,motion,2022-04-15
1650042720.0,1650042950.0,motion,2022-04-15
1649901690.0,1649902880.0,wake,2022-04-14
1649903360.0,1649905150.0,wake,2022-04-14
1649905540.0,1649905670.0,wake,2022-04-14
1649906290.0,1649906400.0,wake,2022-04-14
1649906860.0,1649909880.0,wake,2022-04-14
1649915120.0,1649915480.0,wake,2022-04-14
1649937360.0,1649937400.0,wake,2022-04-14
1649938570.0,1649938860.0,wake,2022-04-14
1649939800.0,1649939830.0,wake,2022-04-14
1649942430.0,1649942860.0,wake,2022-04-14
1649943280.0,1649947010.0,wake,2022-04-14
1649947500.0,1649949650.0,wake,2022-04-14
1649950000.0,1649950610.0,wake,2022-04-14
1649951880.0,1649951960.0,wake,2022-04-14
1649952280.0,1649953330.0,wake,2022-04-14
1649954070.0,1649955620.0,wake,2022-04-14
1649901620.0,1649902840.0,motion,2022-04-14
1649903230.0,1649905680.0,motion,2022-04-14
1649906090.0,1649906380.0,motion,2022-04-14
1649906730.0,1649909870.0,motion,2022-04-14
1649910240.0,1649910260.0,motion,2022-04-14
1649915080.0,1649915470.0,motion,2022-04-14
1649933000.0,1649933010.0,motion,2022-04-14
1649933990.0,1649934000.0,motion,2022-04-14
1649935810.0,1649935990.0,motion,2022-04-14
1649937320.0,1649937370.0,motion,2022-04-14
1649938510.0,1649938820.0,motion,2022-04-14
1649939170.0,1649939800.0,motion,2022-04-14
1649940450.0,1649940470.0,motion,2022-04-14
1649940970.0,1649941130.0,motion,2022-04-14
1649941570.0,1649941580.0,motion,2022-04-14
1649942390.0,1649946970.0,motion,2022-04-14
1649947430.0,1649950580.0,motion,2022-04-14
1649951110.0,1649951380.0,motion,2022-04-14
1649951840.0,1649951930.0,motion,2022-04-14
1649952260.0,1649953520.0,motion,2022-04-14
1649953990.0,1649955690.0,motion,2022-04-14
1649816260.0,1649816390.0,wake,2022-04-13
1649816700.0,1649817120.0,wake,2022-04-13
1649817480.0,1649817490.0,wake,2022-04-13
1649818120.0,1649818130.0,wake,2022-04-13
1649818450.0,1649818540.0,wake,2022-04-13
1649819460.0,1649819530.0,wake,2022-04-13
1649820450.0,1649821110.0,wake,2022-04-13
1649823600.0,1649823640.0,wake,2022-04-13
1649851950.0,1649857870.0,wake,2022-04-13
1649858370.0,1649858700.0,wake,2022-04-13
1649859060.0,1649859300.0,wake,2022-04-13
1649859860.0,1649860510.0,wake,2022-04-13
1649860850.0,1649861110.0,wake,2022-04-13
1649861740.0,1649862240.0,wake,2022-04-13
1649862610.0,1649869470.0,wake,2022-04-13
1649871600.0,1649871670.0,wake,2022-04-13
1649815280.0,1649815560.0,motion,2022-04-13
1649815960.0,1649818680.0,motion,2022-04-13
1649819280.0,1649821300.0,motion,2022-04-13
1649821750.0,1649821890.0,motion,2022-04-13
1649822420.0,1649822440.0,motion,2022-04-13
1649823550.0,1649823610.0,motion,2022-04-13
1649824020.0,1649824060.0,motion,2022-04-13
1649838250.0,1649838280.0,motion,2022-04-13
1649839410.0,1649839460.0,motion,2022-04-13
1649840590.0,1649840600.0,motion,2022-04-13
1649843570.0,1649843590.0,motion,2022-04-13
1649848750.0,1649848770.0,motion,2022-04-13
1649849570.0,1649849590.0,motion,2022-04-13
1649850710.0,1649850730.0,motion,2022-04-13
1649851880.0,1649860480.0,motion,2022-04-13
1649860790.0,1649861110.0,motion,2022-04-13
1649861690.0,1649869450.0,motion,2022-04-13
1649869790.0,1649870030.0,motion,2022-04-13
1649870340.0,1649870400.0,motion,2022-04-13
1649870720.0,1649870730.0,motion,2022-04-13
1649871070.0,1649871660.0,motion,2022-04-13
1649872330.0,1649872450.0,motion,2022-04-13
1650336400.0,1650336590.0,wake,2022-04-19
1650337940.0,1650338950.0,wake,2022-04-19
1650342020.0,1650342110.0,wake,2022-04-19
1650342830.0,1650342900.0,wake,2022-04-19
1650344040.0,1650344050.0,wake,2022-04-19
1650345280.0,1650346800.0,wake,2022-04-19
1650370380.0,1650372260.0,wake,2022-04-19
1650372690.0,1650372710.0,wake,2022-04-19
1650373190.0,1650373290.0,wake,2022-04-19
1650374740.0,1650374800.0,wake,2022-04-19
1650376470.0,1650376500.0,wake,2022-04-19
1650377360.0,1650377490.0,wake,2022-04-19
1650385920.0,1650385950.0,wake,2022-04-19
1650386490.0,1650386510.0,wake,2022-04-19
1650386980.0,1650387270.0,wake,2022-04-19
1650387950.0,1650388380.0,wake,2022-04-19
1650389180.0,1650389660.0,wake,2022-04-19
1650390020.0,1650390900.0,wake,2022-04-19
1650333810.0,1650333820.0,motion,2022-04-19
1650335840.0,1650335860.0,motion,2022-04-19
1650336340.0,1650336890.0,motion,2022-04-19
1650337220.0,1650337410.0,motion,2022-04-19
1650337860.0,1650339230.0,motion,2022-04-19
1650339550.0,1650340010.0,motion,2022-04-19
1650340430.0,1650340450.0,motion,2022-04-19
1650340880.0,1650341440.0,motion,2022-04-19
1650341930.0,1650342160.0,motion,2022-04-19
1650342680.0,1650343230.0,motion,2022-04-19
1650343910.0,1650344140.0,motion,2022-04-19
1650344510.0,1650346800.0,motion,2022-04-19
1650360100.0,1650360110.0,motion,2022-04-19
1650362690.0,1650362710.0,motion,2022-04-19
1650363800.0,1650363820.0,motion,2022-04-19
1650365260.0,1650365290.0,motion,2022-04-19
1650367960.0,1650367970.0,motion,2022-04-19
1650368520.0,1650368540.0,motion,2022-04-19
1650370320.0,1650374170.0,motion,2022-04-19
1650374700.0,1650375310.0,motion,2022-04-19
1650375640.0,1650375760.0,motion,2022-04-19
1650376320.0,1650377480.0,motion,2022-04-19
1650379030.0,1650379170.0,motion,2022-04-19
1650379550.0,1650379960.0,motion,2022-04-19
1650381310.0,1650381540.0,motion,2022-04-19
1650382410.0,1650382540.0,motion,2022-04-19
1650383060.0,1650383370.0,motion,2022-04-19
1650384470.0,1650384480.0,motion,2022-04-19
1650385100.0,1650385120.0,motion,2022-04-19
1650385850.0,1650385960.0,motion,2022-04-19
1650386390.0,1650387270.0,motion,2022-04-19
1650387810.0,1650388750.0,motion,2022-04-19
1650389110.0,1650391150.0,motion,2022-04-19
1650248540.0,1650248960.0,wake,2022-04-18
1650249900.0,1650250390.0,wake,2022-04-18
1650251210.0,1650251540.0,wake,2022-04-18
1650252700.0,1650252740.0,wake,2022-04-18
1650254020.0,1650254450.0,wake,2022-04-18
1650254950.0,1650255020.0,wake,2022-04-18
1650285880.0,1650285950.0,wake,2022-04-18
1650286570.0,1650288490.0,wake,2022-04-18
1650289930.0,1650289940.0,wake,2022-04-18
1650290330.0,1650290380.0,wake,2022-04-18
1650290920.0,1650291290.0,wake,2022-04-18
1650294900.0,1650295550.0,wake,2022-04-18
1650295980.0,1650299040.0,wake,2022-04-18
1650299780.0,1650300070.0,wake,2022-04-18
1650300970.0,1650302040.0,wake,2022-04-18
1650302430.0,1650302510.0,wake,2022-04-18
1650303430.0,1650303500.0,wake,2022-04-18
1650303970.0,1650304170.0,wake,2022-04-18
1650247360.0,1650247370.0,motion,2022-04-18
1650247860.0,1650248060.0,motion,2022-04-18
1650248400.0,1650249250.0,motion,2022-04-18
1650249870.0,1650250360.0,motion,2022-04-18
1650251150.0,1650251650.0,motion,2022-04-18
1650252030.0,1650252270.0,motion,2022-04-18
1650252660.0,1650252720.0,motion,2022-04-18
1650253520.0,1650253530.0,motion,2022-04-18
1650253970.0,1650254410.0,motion,2022-04-18
1650254900.0,1650255120.0,motion,2022-04-18
1650265550.0,1650265580.0,motion,2022-04-18
1650268770.0,1650268780.0,motion,2022-04-18
1650270020.0,1650270090.0,motion,2022-04-18
1650272180.0,1650272200.0,motion,2022-04-18
1650273260.0,1650273290.0,motion,2022-04-18
1650273860.0,1650273880.0,motion,2022-04-18
1650275260.0,1650275350.0,motion,2022-04-18
1650282530.0,1650282540.0,motion,2022-04-18
1650285340.0,1650285360.0,motion,2022-04-18
1650285850.0,1650285990.0,motion,2022-04-18
1650286370.0,1650288460.0,motion,2022-04-18
1650288780.0,1650290390.0,motion,2022-04-18
1650290850.0,1650291350.0,motion,2022-04-18
1650291730.0,1650291850.0,motion,2022-04-18
1650294840.0,1650299040.0,motion,2022-04-18
1650299400.0,1650300050.0,motion,2022-04-18
1650300400.0,1650302020.0,motion,2022-04-18
1650302360.0,1650304680.0,motion,2022-04-18
1650075340.0,1650075380.0,wake,2022-04-16
1650079190.0,1650079300.0,wake,2022-04-16
1650079840.0,1650080440.0,wake,2022-04-16
1650084060.0,1650084390.0,wake,2022-04-16
1650086240.0,1650086400.0,wake,2022-04-16
1650116060.0,1650116920.0,wake,2022-04-16
1650120730.0,1650120750.0,wake,2022-04-16
1650122380.0,1650122400.0,wake,2022-04-16
1650124400.0,1650125800.0,wake,2022-04-16
1650127220.0,1650127370.0,wake,2022-04-16
1650127900.0,1650127910.0,wake,2022-04-16
1650128410.0,1650128530.0,wake,2022-04-16
1650128990.0,1650129110.0,wake,2022-04-16
1650131600.0,1650131660.0,wake,2022-04-16
1650075290.0,1650075540.0,motion,2022-04-16
1650076430.0,1650076450.0,motion,2022-04-16
1650077100.0,1650077130.0,motion,2022-04-16
1650077550.0,1650080410.0,motion,2022-04-16
1650080740.0,1650080750.0,motion,2022-04-16
1650082740.0,1650083000.0,motion,2022-04-16
1650083990.0,1650084570.0,motion,2022-04-16
1650085010.0,1650085050.0,motion,2022-04-16
1650085390.0,1650086380.0,motion,2022-04-16
1650086970.0,1650087030.0,motion,2022-04-16
1650097360.0,1650097370.0,motion,2022-04-16
1650098140.0,1650098160.0,motion,2022-04-16
1650102920.0,1650102940.0,motion,2022-04-16
1650111080.0,1650111270.0,motion,2022-04-16
1650111620.0,1650111660.0,motion,2022-04-16
1650113850.0,1650113880.0,motion,2022-04-16
1650115990.0,1650116910.0,motion,2022-04-16
1650117470.0,1650117590.0,motion,2022-04-16
1650118180.0,1650118190.0,motion,2022-04-16
1650118770.0,1650118780.0,motion,2022-04-16
1650120650.0,1650120860.0,motion,2022-04-16
1650121740.0,1650121770.0,motion,2022-04-16
1650122310.0,1650122530.0,motion,2022-04-16
1650124330.0,1650126080.0,motion,2022-04-16
1650126630.0,1650128020.0,motion,2022-04-16
1650128340.0,1650128530.0,motion,2022-04-16
1650128940.0,1650129090.0,motion,2022-04-16
1650131460.0,1650131790.0,motion,2022-04-16
1650161000.0,1650161990.0,wake,2022-04-17
1650162570.0,1650163800.0,wake,2022-04-17
1650164280.0,1650165770.0,wake,2022-04-17
1650166110.0,1650167030.0,wake,2022-04-17
1650167540.0,1650168390.0,wake,2022-04-17
1650168770.0,1650168800.0,wake,2022-04-17
1650169630.0,1650170040.0,wake,2022-04-17
1650174530.0,1650174920.0,wake,2022-04-17
1650200050.0,1650200510.0,wake,2022-04-17
1650200890.0,1650201460.0,wake,2022-04-17
1650201890.0,1650202500.0,wake,2022-04-17
1650203480.0,1650205500.0,wake,2022-04-17
1650210060.0,1650210420.0,wake,2022-04-17
1650213650.0,1650213660.0,wake,2022-04-17
1650214200.0,1650214570.0,wake,2022-04-17
1650160930.0,1650162070.0,motion,2022-04-17
1650162540.0,1650167040.0,motion,2022-04-17
1650167490.0,1650168390.0,motion,2022-04-17
1650168700.0,1650168930.0,motion,2022-04-17
1650169480.0,1650170040.0,motion,2022-04-17
1650171850.0,1650171860.0,motion,2022-04-17
1650172240.0,1650172450.0,motion,2022-04-17
1650174360.0,1650174890.0,motion,2022-04-17
1650175570.0,1650175580.0,motion,2022-04-17
1650194660.0,1650194690.0,motion,2022-04-17
1650197350.0,1650197370.0,motion,2022-04-17
1650198130.0,1650198150.0,motion,2022-04-17
1650198460.0,1650198670.0,motion,2022-04-17
1650199480.0,1650202480.0,motion,2022-04-17
1650202800.0,1650205480.0,motion,2022-04-17
1650206620.0,1650206630.0,motion,2022-04-17
1650207050.0,1650207360.0,motion,2022-04-17
1650207790.0,1650208050.0,motion,2022-04-17
1650208390.0,1650209200.0,motion,2022-04-17
1650209880.0,1650210380.0,motion,2022-04-17
1650212450.0,1650212460.0,motion,2022-04-17
1650213360.0,1650213620.0,motion,2022-04-17
1650214140.0,1650214840.0,motion,2022-04-17
1650215150.0,1650215360.0,motion,2022-04-17
1650217480.0,1650217500.0,motion,2022-04-17
1650217920.0,1650217970.0,motion,2022-04-17
1649989530.0,1649990650.0,wake,2022-04-15
1649992790.0,1649993390.0,wake,2022-04-15
1649996050.0,1649996070.0,wake,2022-04-15
1649996780.0,1649996800.0,wake,2022-04-15
1649997930.0,1649998510.0,wake,2022-04-15
1650029020.0,1650029090.0,wake,2022-04-15
1650030650.0,1650030660.0,wake,2022-04-15
1650031000.0,1650032010.0,wake,2022-04-15
1650032430.0,1650032480.0,wake,2022-04-15
1650033010.0,1650033600.0,wake,2022-04-15
1650033940.0,1650034500.0,wake,2022-04-15
1650034960.0,1650035070.0,wake,2022-04-15
1650035490.0,1650038480.0,wake,2022-04-15
1650039190.0,1650039540.0,wake,2022-04-15
1650039990.0,1650040010.0,wake,2022-04-15
1649989020.0,1649991280.0,motion,2022-04-15
1649991730.0,1649992060.0,motion,2022-04-15
1649992740.0,1649993440.0,motion,2022-04-15
1649995990.0,1649996070.0,motion,2022-04-15
1649996440.0,1649997130.0,motion,2022-04-15
1649997710.0,1649998560.0,motion,2022-04-15
1649999170.0,1649999180.0,motion,2022-04-15
1650000320.0,1650000330.0,motion,2022-04-15
1650013670.0,1650013920.0,motion,2022-04-15
1650016300.0,1650016310.0,motion,2022-04-15
1650019050.0,1650019060.0,motion,2022-04-15
1650020160.0,1650020170.0,motion,2022-04-15
1650022100.0,1650022110.0,motion,2022-04-15
1650025440.0,1650025450.0,motion,2022-04-15
1650025850.0,1650025860.0,motion,2022-04-15
1650028110.0,1650028540.0,motion,2022-04-15
1650028950.0,1650029070.0,motion,2022-04-15
1650029590.0,1650029630.0,motion,2022-04-15
1650030580.0,1650032640.0,motion,2022-04-15
1650032960.0,1650039520.0,motion,2022-04-15
1650039960.0,1650040080.0,motion,2022-04-15
1650040470.0,1650040480.0,motion,2022-04-15
1650041610.0,1650041640.0,motion,2022-04-15
1650042860.0,1650042950.0,motion,2022-04-15
1649901940.0,1649902860.0,wake,2022-04-14
1649903370.0,1649903560.0,wake,2022-04-14
1649903920.0,1649904480.0,wake,2022-04-14
1649904830.0,1649905120.0,wake,2022-04-14
1649905550.0,1649905600.0,wake,2022-04-14
1649906300.0,1649906390.0,wake,2022-04-14
1649906880.0,1649906890.0,wake,2022-04-14
1649907260.0,1649908450.0,wake,2022-04-14
1649909000.0,1649909870.0,wake,2022-04-14
1649915140.0,1649915470.0,wake,2022-04-14
1649938590.0,1649938850.0,wake,2022-04-14
1649942440.0,1649942850.0,wake,2022-04-14
1649943290.0,1649946650.0,wake,2022-04-14
1649947510.0,1649949480.0,wake,2022-04-14
1649950010.0,1649950070.0,wake,2022-04-14
1649950490.0,1649950580.0,wake,2022-04-14
1649951910.0,1649951940.0,wake,2022-04-14
1649952290.0,1649952390.0,wake,2022-04-14
1649952930.0,1649953300.0,wake,2022-04-14
1649954180.0,1649955600.0,wake,2022-04-14
1649901620.0,1649902840.0,motion,2022-04-14
1649903360.0,1649903550.0,motion,2022-04-14
1649903880.0,1649905640.0,motion,2022-04-14
1649906090.0,1649906380.0,motion,2022-04-14
1649906740.0,1649909840.0,motion,2022-04-14
1649910250.0,1649910260.0,motion,2022-04-14
1649915080.0,1649915470.0,motion,2022-04-14
1649933000.0,1649933010.0,motion,2022-04-14
1649933990.0,1649934000.0,motion,2022-04-14
1649935970.0,1649935990.0,motion,2022-04-14
1649937320.0,1649937370.0,motion,2022-04-14
1649938520.0,1649938820.0,motion,2022-04-14
1649939190.0,1649939320.0,motion,2022-04-14
1649939770.0,1649939800.0,motion,2022-04-14
1649942390.0,1649942910.0,motion,2022-04-14
1649943230.0,1649946970.0,motion,2022-04-14
1649947430.0,1649950570.0,motion,2022-04-14
1649951350.0,1649951380.0,motion,2022-04-14
1649951850.0,1649951900.0,motion,2022-04-14
1649952260.0,1649953520.0,motion,2022-04-14
1649954100.0,1649955580.0,motion,2022-04-14
1649816290.0,1649816380.0,wake,2022-04-13
1649816710.0,1649817120.0,wake,2022-04-13
1649818520.0,1649818530.0,wake,2022-04-13
1649819480.0,1649819510.0,wake,2022-04-13
1649820460.0,1649821070.0,wake,2022-04-13
1649852050.0,1649853740.0,wake,2022-04-13
1649854120.0,1649854170.0,wake,2022-04-13
1649854500.0,1649856190.0,wake,2022-04-13
1649856520.0,1649857840.0,wake,2022-04-13
1649860090.0,1649860500.0,wake,2022-04-13
1649862040.0,1649862220.0,wake,2022-04-13
1649862650.0,1649866670.0,wake,2022-04-13
1649867240.0,1649867280.0,wake,2022-04-13
1649867630.0,1649867680.0,wake,2022-04-13
1649868150.0,1649868480.0,wake,2022-04-13
1649868840.0,1649869460.0,wake,2022-04-13
1649871610.0,1649871670.0,wake,2022-04-13
1649815540.0,1649815560.0,motion,2022-04-13
1649815960.0,1649817630.0,motion,2022-04-13
1649818050.0,1649818530.0,motion,2022-04-13
1649819280.0,1649819470.0,motion,2022-04-13
1649819810.0,1649819830.0,motion,2022-04-13
1649820190.0,1649821050.0,motion,2022-04-13
1649821750.0,1649821880.0,motion,2022-04-13
1649823560.0,1649823600.0,motion,2022-04-13
1649824030.0,1649824060.0,motion,2022-04-13
1649838260.0,1649838270.0,motion,2022-04-13
1649839410.0,1649839460.0,motion,2022-04-13
1649843570.0,1649843590.0,motion,2022-04-13
1649848750.0,1649848770.0,motion,2022-04-13
1649849570.0,1649849590.0,motion,2022-04-13
1649850710.0,1649850730.0,motion,2022-04-13
1649851930.0,1649859300.0,motion,2022-04-13
1649859630.0,1649860470.0,motion,2022-04-13
1649860790.0,1649861100.0,motion,2022-04-13
1649861710.0,1649869440.0,motion,2022-04-13
1649869790.0,1649870030.0,motion,2022-04-13
1649870340.0,1649870360.0,motion,2022-04-13
1649871070.0,1649871620.0,motion,2022-04-13
1649872330.0,1649872450.0,motion,2022-04-13
1650336400.0,1650336430.0,wake,2022-04-19
1650338680.0,1650338710.0,wake,2022-04-19
1650342050.0,1650342100.0,wake,2022-04-19
1650345480.0,1650346290.0,wake,2022-04-19
1650370390.0,1650372250.0,wake,2022-04-19
1650373210.0,1650373260.0,wake,2022-04-19
1650377410.0,1650377480.0,wake,2022-04-19
1650387050.0,1650387260.0,wake,2022-04-19
1650387960.0,1650388360.0,wake,2022-04-19
1650389270.0,1650389280.0,wake,2022-04-19
1650389610.0,1650389620.0,wake,2022-04-19
1650390050.0,1650390890.0,wake,2022-04-19
1650335840.0,1650335860.0,motion,2022-04-19
1650336350.0,1650336880.0,motion,2022-04-19
1650337220.0,1650337230.0,motion,2022-04-19
1650337860.0,1650338950.0,motion,2022-04-19
1650339560.0,1650340010.0,motion,2022-04-19
1650340430.0,1650340450.0,motion,2022-04-19
1650341140.0,1650341440.0,motion,2022-04-19
1650342030.0,1650342090.0,motion,2022-04-19
1650342690.0,1650343230.0,motion,2022-04-19
1650343990.0,1650344140.0,motion,2022-04-19
1650344520.0,1650346800.0,motion,2022-04-19
1650362690.0,1650362710.0,motion,2022-04-19
1650363800.0,1650363810.0,motion,2022-04-19
1650365270.0,1650365280.0,motion,2022-04-19
1650368520.0,1650368540.0,motion,2022-04-19
1650370330.0,1650372230.0,motion,2022-04-19
1650372620.0,1650373250.0,motion,2022-04-19
1650373860.0,1650374170.0,motion,2022-04-19
1650374700.0,1650375310.0,motion,2022-04-19
1650376330.0,1650376430.0,motion,2022-04-19
1650376750.0,1650376760.0,motion,2022-04-19
1650377340.0,1650377470.0,motion,2022-04-19
1650379150.0,1650379160.0,motion,2022-04-19
1650379550.0,1650379870.0,motion,2022-04-19
1650381520.0,1650381540.0,motion,2022-04-19
1650382410.0,1650382520.0,motion,2022-04-19
1650383060.0,1650383370.0,motion,2022-04-19
1650385100.0,1650385120.0,motion,2022-04-19
1650385850.0,1650385870.0,motion,2022-04-19
1650386400.0,1650387210.0,motion,2022-04-19
1650387900.0,1650388330.0,motion,2022-04-19
1650388720.0,1650388750.0,motion,2022-04-19
1650389120.0,1650391150.0,motion,2022-04-19
1650248560.0,1650248900.0,wake,2022-04-18
1650250100.0,1650250240.0,wake,2022-04-18
1650251320.0,1650251530.0,wake,2022-04-18
1650254040.0,1650254420.0,wake,2022-04-18
1650254960.0,1650255010.0,wake,2022-04-18
1650286790.0,1650287590.0,wake,2022-04-18
1650288070.0,1650288090.0,wake,2022-04-18
1650288430.0,1650288470.0,wake,2022-04-18
1650291120.0,1650291280.0,wake,2022-04-18
1650294910.0,1650295550.0,wake,2022-04-18
1650296030.0,1650296140.0,wake,2022-04-18
1650296520.0,1650297200.0,wake,2022-04-18
1650297540.0,1650298220.0,wake,2022-04-18
1650298560.0,1650298760.0,wake,2022-04-18
1650299780.0,1650300060.0,wake,2022-04-18
1650301000.0,1650302040.0,wake,2022-04-18
1650302440.0,1650302480.0,wake,2022-04-18
1650304010.0,1650304120.0,wake,2022-04-18
1650247860.0,1650248020.0,motion,2022-04-18
1650248400.0,1650249250.0,motion,2022-04-18
1650249880.0,1650250340.0,motion,2022-04-18
1650251150.0,1650251650.0,motion,2022-04-18
1650252660.0,1650252710.0,motion,2022-04-18
1650253980.0,1650254410.0,motion,2022-04-18
1650254910.0,1650255100.0,motion,2022-04-18
1650265560.0,1650265580.0,motion,2022-04-18
1650270020.0,1650270090.0,motion,2022-04-18
1650272190.0,1650272200.0,motion,2022-04-18
1650273280.0,1650273290.0,motion,2022-04-18
1650273860.0,1650273880.0,motion,2022-04-18
1650275270.0,1650275350.0,motion,2022-04-18
1650282530.0,1650282540.0,motion,2022-04-18
1650285850.0,1650285990.0,motion,2022-04-18
1650286370.0,1650288460.0,motion,2022-04-18
1650289000.0,1650289010.0,motion,2022-04-18
1650289390.0,1650290260.0,motion,2022-04-18
1650290850.0,1650291280.0,motion,2022-04-18
1650291740.0,1650291840.0,motion,2022-04-18
1650294840.0,1650299040.0,motion,2022-04-18
1650299640.0,1650300050.0,motion,2022-04-18
1650300410.0,1650300520.0,motion,2022-04-18
1650300990.0,1650302020.0,motion,2022-04-18
1650302370.0,1650302940.0,motion,2022-04-18
1650303380.0,1650303500.0,motion,2022-04-18
1650303810.0,1650304680.0,motion,2022-04-18
1650075350.0,1650075380.0,wake,2022-04-16
1650079200.0,1650079290.0,wake,2022-04-16
1650079870.0,1650080430.0,wake,2022-04-16
1650086280.0,1650086390.0,wake,2022-04-16
1650116320.0,1650116760.0,wake,2022-04-16
1650124470.0,1650125090.0,wake,2022-04-16
1650125400.0,1650125770.0,wake,2022-04-16
1650127230.0,1650127350.0,wake,2022-04-16
1650128450.0,1650128480.0,wake,2022-04-16
1650129000.0,1650129090.0,wake,2022-04-16
1650131640.0,1650131650.0,wake,2022-04-16
1650075290.0,1650075360.0,motion,2022-04-16
1650076430.0,1650076450.0,motion,2022-04-16
1650077100.0,1650077130.0,motion,2022-04-16
1650077550.0,1650078120.0,motion,2022-04-16
1650078650.0,1650080400.0,motion,2022-04-16
1650082740.0,1650082760.0,motion,2022-04-16
1650083990.0,1650084570.0,motion,2022-04-16
1650085010.0,1650085050.0,motion,2022-04-16
1650085390.0,1650085720.0,motion,2022-04-16
1650086070.0,1650086380.0,motion,2022-04-16
1650097360.0,1650097370.0,motion,2022-04-16
1650098140.0,1650098160.0,motion,2022-04-16
1650102920.0,1650102940.0,motion,2022-04-16
1650111090.0,1650111270.0,motion,2022-04-16
1650111620.0,1650111660.0,motion,2022-04-16
1650113850.0,1650113880.0,motion,2022-04-16
1650116000.0,1650116910.0,motion,2022-04-16
1650117470.0,1650117590.0,motion,2022-04-16
1650120660.0,1650120860.0,motion,2022-04-16
1650121740.0,1650121760.0,motion,2022-04-16
1650122310.0,1650122520.0,motion,2022-04-16
1650124330.0,1650126070.0,motion,2022-04-16
1650126840.0,1650126850.0,motion,2022-04-16
1650127160.0,1650127340.0,motion,2022-04-16
1650127860.0,1650128020.0,motion,2022-04-16
1650128340.0,1650128520.0,motion,2022-04-16
1650128940.0,1650129080.0,motion,2022-04-16
1650131460.0,1650131780.0,motion,2022-04-16
1650161020.0,1650161590.0,wake,2022-04-17
1650161950.0,1650161980.0,wake,2022-04-17
1650162580.0,1650163800.0,wake,2022-04-17
1650164280.0,1650164290.0,wake,2022-04-17
1650164720.0,1650164780.0,wake,2022-04-17
1650165100.0,1650165760.0,wake,2022-04-17
1650166130.0,1650167000.0,wake,2022-04-17
1650167840.0,1650168020.0,wake,2022-04-17
1650169650.0,1650169980.0,wake,2022-04-17
1650174540.0,1650174880.0,wake,2022-04-17
1650200050.0,1650200470.0,wake,2022-04-17
1650200910.0,1650201270.0,wake,2022-04-17
1650201890.0,1650202050.0,wake,2022-04-17
1650203820.0,1650204190.0,wake,2022-04-17
1650204550.0,1650205480.0,wake,2022-04-17
1650210080.0,1650210390.0,wake,2022-04-17
1650214500.0,1650214540.0,wake,2022-04-17
1650160930.0,1650162070.0,motion,2022-04-17
1650162540.0,1650164740.0,motion,2022-04-17
1650165060.0,1650167030.0,motion,2022-04-17
1650167500.0,1650168390.0,motion,2022-04-17
1650168700.0,1650168740.0,motion,2022-04-17
1650169610.0,1650170040.0,motion,2022-04-17
1650171850.0,1650171860.0,motion,2022-04-17
1650172300.0,1650172440.0,motion,2022-04-17
1650174360.0,1650174880.0,motion,2022-04-17
1650194670.0,1650194680.0,motion,2022-04-17
1650198130.0,1650198150.0,motion,2022-04-17
1650198550.0,1650198670.0,motion,2022-04-17
1650199480.0,1650201410.0,motion,2022-04-17
1650201760.0,1650202480.0,motion,2022-04-17
1650202800.0,1650203010.0,motion,2022-04-17
1650203410.0,1650205480.0,motion,2022-04-17
1650207350.0,1650207360.0,motion,2022-04-17
1650207790.0,1650207800.0,motion,2022-04-17
1650208390.0,1650209200.0,motion,2022-04-17
1650209880.0,1650210380.0,motion,2022-04-17
1650213360.0,1650213620.0,motion,2022-04-17
1650214150.0,1650214620.0,motion,2022-04-17
1650215350.0,1650215360.0,motion,2022-04-17
1650217490.0,1650217500.0,motion,2022-04-17
1650217930.0,1650217970.0,motion,2022-04-17
1649989560.0,1649990340.0,wake,2022-04-15
1649993160.0,1649993170.0,wake,2022-04-15
1649998130.0,1649998490.0,wake,2022-04-15
1650029050.0,1650029070.0,wake,2022-04-15
1650031020.0,1650032000.0,wake,2022-04-15
1650032450.0,1650032470.0,wake,2022-04-15
1650033020.0,1650033590.0,wake,2022-04-15
1650034440.0,1650034490.0,wake,2022-04-15
1650034970.0,1650035070.0,wake,2022-04-15
1650035620.0,1650038360.0,wake,2022-04-15
1650039330.0,1650039530.0,wake,2022-04-15
1649989020.0,1649989200.0,motion,2022-04-15
1649989520.0,1649990920.0,motion,2022-04-15
1649991260.0,1649991280.0,motion,2022-04-15
1649992740.0,1649992770.0,motion,2022-04-15
1649993080.0,1649993400.0,motion,2022-04-15
1649996000.0,1649996030.0,motion,2022-04-15
1649996450.0,1649996800.0,motion,2022-04-15
1649997710.0,1649998560.0,motion,2022-04-15
1649999170.0,1649999180.0,motion,2022-04-15
1650013670.0,1650013920.0,motion,2022-04-15
1650016300.0,1650016310.0,motion,2022-04-15
1650019050.0,1650019060.0,motion,2022-04-15
1650020160.0,1650020170.0,motion,2022-04-15
1650022100.0,1650022110.0,motion,2022-04-15
1650025440.0,1650025450.0,motion,2022-04-15
1650028950.0,1650029070.0,motion,2022-04-15
1650029590.0,1650029630.0,motion,2022-04-15
1650030580.0,1650032540.0,motion,2022-04-15
1650032980.0,1650034470.0,motion,2022-04-15
1650034900.0,1650035040.0,motion,2022-04-15
1650035430.0,1650038640.0,motion,2022-04-15
1650039050.0,1650039510.0,motion,2022-04-15
1650039990.0,1650040010.0,motion,2022-04-15
1650041610.0,1650041640.0,motion,2022-04-15
1650042860.0,1650042940.0,motion,2022-04-15
1649901970.0,1649902700.0,wake,2022-04-14
1649903930.0,1649904450.0,wake,2022-04-14
1649904850.0,1649905120.0,wake,2022-04-14
1649905580.0,1649905590.0,wake,2022-04-14
1649906300.0,1649906380.0,wake,2022-04-14
1649907340.0,1649907420.0,wake,2022-04-14
1649907930.0,1649907960.0,wake,2022-04-14
1649908330.0,1649908390.0,wake,2022-04-14
1649909030.0,1649909850.0,wake,2022-04-14
1649915150.0,1649915470.0,wake,2022-04-14
1649938760.0,1649938830.0,wake,2022-04-14
1649942450.0,1649942840.0,wake,2022-04-14
1649943300.0,1649943660.0,wake,2022-04-14
1649944180.0,1649944390.0,wake,2022-04-14
1649944820.0,1649946640.0,wake,2022-04-14
1649947580.0,1649949430.0,wake,2022-04-14
1649950040.0,1649950060.0,wake,2022-04-14
1649950510.0,1649950580.0,wake,2022-04-14
1649952310.0,1649952370.0,wake,2022-04-14
1649953120.0,1649953130.0,wake,2022-04-14
1649954240.0,1649955590.0,wake,2022-04-14
1649901630.0,1649902830.0,motion,2022-04-14
1649903360.0,1649903550.0,motion,2022-04-14
1649903890.0,1649905080.0,motion,2022-04-14
1649905510.0,1649905590.0,motion,2022-04-14
1649906090.0,1649906330.0,motion,2022-04-14
1649906810.0,1649909820.0,motion,2022-04-14
1649915080.0,1649915410.0,motion,2022-04-14
1649933000.0,1649933010.0,motion,2022-04-14
1649935980.0,1649935990.0,motion,2022-04-14
1649937320.0,1649937360.0,motion,2022-04-14
1649938520.0,1649938820.0,motion,2022-04-14
1649939300.0,1649939320.0,motion,2022-04-14
1649939770.0,1649939790.0,motion,2022-04-14
1649942390.0,1649942910.0,motion,2022-04-14
1649943250.0,1649946960.0,motion,2022-04-14
1649947430.0,1649949430.0,motion,2022-04-14
1649949970.0,1649950560.0,motion,2022-04-14
1649951360.0,1649951380.0,motion,2022-04-14
1649951850.0,1649951890.0,motion,2022-04-14
1649952260.0,1649953520.0,motion,2022-04-14
1649954110.0,1649955580.0,motion,2022-04-14
1649817050.0,1649817080.0,wake,2022-04-13
1649820660.0,1649821070.0,wake,2022-04-13
1649852060.0,1649853120.0,wake,2022-04-13
1649853520.0,1649853700.0,wake,2022-04-13
1649854510.0,1649856140.0,wake,2022-04-13
1649856520.0,1649857830.0,wake,2022-04-13
1649860110.0,1649860480.0,wake,2022-04-13
1649862670.0,1649862690.0,wake,2022-04-13
1649863020.0,1649865720.0,wake,2022-04-13
1649866060.0,1649866280.0,wake,2022-04-13
1649867640.0,1649867650.0,wake,2022-04-13
1649868290.0,1649868470.0,wake,2022-04-13
1649869160.0,1649869330.0,wake,2022-04-13
1649871630.0,1649871660.0,wake,2022-04-13
1649815540.0,1649815560.0,motion,2022-04-13
1649815960.0,1649816340.0,motion,2022-04-13
1649816680.0,1649817490.0,motion,2022-04-13
1649818050.0,1649818530.0,motion,2022-04-13
1649819300.0,1649819460.0,motion,2022-04-13
1649819810.0,1649819830.0,motion,2022-04-13
1649820310.0,1649821040.0,motion,2022-04-13
1649823560.0,1649823600.0,motion,2022-04-13
1649824030.0,1649824060.0,motion,2022-04-13
1649838260.0,1649838270.0,motion,2022-04-13
1649839410.0,1649839420.0,motion,2022-04-13
1649843570.0,1649843590.0,motion,2022-04-13
1649848760.0,1649848770.0,motion,2022-04-13
1649850710.0,1649850720.0,motion,2022-04-13
1649851990.0,1649857990.0,motion,2022-04-13
1649858360.0,1649859300.0,motion,2022-04-13
1649859790.0,1649860470.0,motion,2022-04-13
1649860790.0,1649860820.0,motion,2022-04-13
1649861710.0,1649862310.0,motion,2022-04-13
1649862630.0,1649867250.0,motion,2022-04-13
1649867600.0,1649869430.0,motion,2022-04-13
1649869810.0,1649869820.0,motion,2022-04-13
1649870340.0,1649870350.0,motion,2022-04-13
1649871070.0,1649871250.0,motion,2022-04-13
1649871560.0,1649871620.0,motion,2022-04-13
1649872330.0,1649872360.0,motion,2022-04-13
1650342070.0,1650342090.0,wake,2022-04-19
1650345520.0,1650346270.0,wake,2022-04-19
1650370950.0,1650371770.0,wake,2022-04-19
1650372130.0,1650372240.0,wake,2022-04-19
1650373220.0,1650373250.0,wake,2022-04-19
1650387060.0,1650387240.0,wake,2022-04-19
1650387970.0,1650388340.0,wake,2022-04-19
1650390270.0,1650390310.0,wake,2022-04-19
1650390830.0,1650390860.0,wake,2022-04-19
1650335840.0,1650335860.0,motion,2022-04-19
1650336350.0,1650336590.0,motion,2022-04-19
1650337950.0,1650338900.0,motion,2022-04-19
1650339560.0,1650340010.0,motion,2022-04-19
1650340430.0,1650340440.0,motion,2022-04-19
1650341140.0,1650341420.0,motion,2022-04-19
1650342030.0,1650342090.0,motion,2022-04-19
1650342830.0,1650343230.0,motion,2022-04-19
1650344000.0,1650344140.0,motion,2022-04-19
1650344610.0,1650344630.0,motion,2022-04-19
1650344990.0,1650346790.0,motion,2022-04-19
1650363800.0,1650363810.0,motion,2022-04-19
1650365270.0,1650365280.0,motion,2022-04-19
1650370330.0,1650372210.0,motion,2022-04-19
1650372620.0,1650372640.0,motion,2022-04-19
1650373160.0,1650373240.0,motion,2022-04-19
1650373860.0,1650374170.0,motion,2022-04-19
1650374710.0,1650374750.0,motion,2022-04-19
1650375090.0,1650375100.0,motion,2022-04-19
1650376330.0,1650376420.0,motion,2022-04-19
1650377350.0,1650377470.0,motion,2022-04-19
1650379150.0,1650379160.0,motion,2022-04-19
1650381520.0,1650381540.0,motion,2022-04-19
1650382490.0,1650382520.0,motion,2022-04-19
1650386420.0,1650386600.0,motion,2022-04-19
1650386910.0,1650387210.0,motion,2022-04-19
1650387910.0,1650388330.0,motion,2022-04-19
1650388720.0,1650388740.0,motion,2022-04-19
1650389200.0,1650391140.0,motion,2022-04-19
1650248860.0,1650248880.0,wake,2022-04-18
1650250120.0,1650250210.0,wake,2022-04-18
1650251400.0,1650251520.0,wake,2022-04-18
1650254050.0,1650254420.0,wake,2022-04-18
1650254960.0,1650255000.0,wake,2022-04-18
1650286810.0,1650287080.0,wake,2022-04-18
1650287400.0,1650287540.0,wake,2022-04-18
1650295030.0,1650295510.0,wake,2022-04-18
1650296090.0,1650296130.0,wake,2022-04-18
1650296560.0,1650296610.0,wake,2022-04-18
1650296920.0,1650297000.0,wake,2022-04-18
1650297680.0,1650298200.0,wake,2022-04-18
1650298580.0,1650298680.0,wake,2022-04-18
1650299810.0,1650300050.0,wake,2022-04-18
1650301030.0,1650301750.0,wake,2022-04-18
1650248010.0,1650248020.0,motion,2022-04-18
1650248490.0,1650248960.0,motion,2022-04-18
1650249880.0,1650250210.0,motion,2022-04-18
1650251150.0,1650251650.0,motion,2022-04-18
1650252660.0,1650252710.0,motion,2022-04-18
1650253980.0,1650254410.0,motion,2022-04-18
1650254920.0,1650254980.0,motion,2022-04-18
1650265560.0,1650265580.0,motion,2022-04-18
1650270020.0,1650270040.0,motion,2022-04-18
1650272190.0,1650272200.0,motion,2022-04-18
1650273870.0,1650273880.0,motion,2022-04-18
1650275270.0,1650275350.0,motion,2022-04-18
1650282530.0,1650282540.0,motion,2022-04-18
1650285850.0,1650285880.0,motion,2022-04-18
1650286370.0,1650286380.0,motion,2022-04-18
1650286750.0,1650288420.0,motion,2022-04-18
1650289000.0,1650289010.0,motion,2022-04-18
1650289490.0,1650290060.0,motion,2022-04-18
1650291160.0,1650291270.0,motion,2022-04-18
1650291820.0,1650291830.0,motion,2022-04-18
1650294860.0,1650296130.0,motion,2022-04-18
1650296500.0,1650297180.0,motion,2022-04-18
1650297510.0,1650299030.0,motion,2022-04-18
1650299640.0,1650300050.0,motion,2022-04-18
1650300990.0,1650301970.0,motion,2022-04-18
1650302370.0,1650302720.0,motion,2022-04-18
1650303480.0,1650303500.0,motion,2022-04-18
1650303940.0,1650304680.0,motion,2022-04-18
1650079210.0,1650079270.0,wake,2022-04-16
1650080110.0,1650080130.0,wake,2022-04-16
1650086300.0,1650086390.0,wake,2022-04-16
1650116570.0,1650116750.0,wake,2022-04-16
1650124530.0,1650125080.0,wake,2022-04-16
1650125410.0,1650125530.0,wake,2022-04-16
1650127290.0,1650127340.0,wake,2022-04-16
1650129010.0,1650129020.0,wake,2022-04-16
1650075300.0,1650075360.0,motion,2022-04-16
1650076430.0,1650076440.0,motion,2022-04-16
1650077100.0,1650077120.0,motion,2022-04-16
1650077550.0,1650077570.0,motion,2022-04-16
1650079150.0,1650079250.0,motion,2022-04-16
1650079850.0,1650080400.0,motion,2022-04-16
1650083990.0,1650084020.0,motion,2022-04-16
1650084330.0,1650084570.0,motion,2022-04-16
1650085020.0,1650085040.0,motion,2022-04-16
1650085710.0,1650085720.0,motion,2022-04-16
1650086220.0,1650086370.0,motion,2022-04-16
1650098140.0,1650098160.0,motion,2022-04-16
1650102920.0,1650102930.0,motion,2022-04-16
1650111090.0,1650111270.0,motion,2022-04-16
1650111620.0,1650111650.0,motion,2022-04-16
1650113850.0,1650113870.0,motion,2022-04-16
1650116000.0,1650116900.0,motion,2022-04-16
1650117470.0,1650117480.0,motion,2022-04-16
1650120660.0,1650120850.0,motion,2022-04-16
1650121740.0,1650121760.0,motion,2022-04-16
1650122310.0,1650122520.0,motion,2022-04-16
1650124330.0,1650125060.0,motion,2022-04-16
1650125370.0,1650126070.0,motion,2022-04-16
1650127200.0,1650127330.0,motion,2022-04-16
1650127860.0,1650127890.0,motion,2022-04-16
1650128430.0,1650128440.0,motion,2022-04-16
1650128950.0,1650129080.0,motion,2022-04-16
1650131460.0,1650131780.0,motion,2022-04-16
1650161440.0,1650161460.0,wake,2022-04-17
1650162590.0,1650163020.0,wake,2022-04-17
1650163380.0,1650163790.0,wake,2022-04-17
1650164750.0,1650164760.0,wake,2022-04-17
1650165130.0,1650165420.0,wake,2022-04-17
1650166160.0,1650166270.0,wake,2022-04-17
1650169680.0,1650169970.0,wake,2022-04-17
1650174550.0,1650174870.0,wake,2022-04-17
1650200060.0,1650200390.0,wake,2022-04-17
1650200930.0,1650201240.0,wake,2022-04-17
1650201920.0,1650201990.0,wake,2022-04-17
1650203840.0,1650204180.0,wake,2022-04-17
1650204680.0,1650205290.0,wake,2022-04-17
1650210160.0,1650210370.0,wake,2022-04-17
1650160940.0,1650161550.0,motion,2022-04-17
1650161890.0,1650162060.0,motion,2022-04-17
1650162550.0,1650164740.0,motion,2022-04-17
1650165060.0,1650167000.0,motion,2022-04-17
1650167530.0,1650168390.0,motion,2022-04-17
1650168710.0,1650168740.0,motion,2022-04-17
1650169610.0,1650169970.0,motion,2022-04-17
1650172420.0,1650172440.0,motion,2022-04-17
1650174370.0,1650174880.0,motion,2022-04-17
1650198140.0,1650198150.0,motion,2022-04-17
1650198550.0,1650198560.0,motion,2022-04-17
1650199480.0,1650199650.0,motion,2022-04-17
1650199990.0,1650200560.0,motion,2022-04-17
1650200880.0,1650201400.0,motion,2022-04-17
1650201760.0,1650202470.0,motion,2022-04-17
1650203420.0,1650204160.0,motion,2022-04-17
1650204480.0,1650205470.0,motion,2022-04-17
1650208390.0,1650208400.0,motion,2022-04-17
1650208900.0,1650208910.0,motion,2022-04-17
1650209890.0,1650210360.0,motion,2022-04-17
1650213360.0,1650213600.0,motion,2022-04-17
1650214150.0,1650214530.0,motion,2022-04-17
1650217490.0,1650217500.0,motion,2022-04-17
1649989560.0,1649990040.0,wake,2022-04-15
1649998160.0,1649998460.0,wake,2022-04-15
1650031060.0,1650031830.0,wake,2022-04-15
1650032460.0,1650032470.0,wake,2022-04-15
1650033030.0,1650033580.0,wake,2022-04-15
1650034450.0,1650034460.0,wake,2022-04-15
1650034970.0,1650035040.0,wake,2022-04-15
1650035790.0,1650036660.0,wake,2022-04-15
1650037060.0,1650038340.0,wake,2022-04-15
1650039450.0,1650039520.0,wake,2022-04-15
1649989030.0,1649989040.0,motion,2022-04-15
1649989520.0,1649990310.0,motion,2022-04-15
1649992740.0,1649992770.0,motion,2022-04-15
1649993080.0,1649993330.0,motion,2022-04-15
1649996000.0,1649996020.0,motion,2022-04-15
1649996450.0,1649996480.0,motion,2022-04-15
1649997710.0,1649998460.0,motion,2022-04-15
1649999170.0,1649999180.0,motion,2022-04-15
1650013670.0,1650013680.0,motion,2022-04-15
1650022100.0,1650022110.0,motion,2022-04-15
1650025440.0,1650025450.0,motion,2022-04-15
1650028950.0,1650029070.0,motion,2022-04-15
1650029590.0,1650029630.0,motion,2022-04-15
1650030580.0,1650030590.0,motion,2022-04-15
1650030990.0,1650032440.0,motion,2022-04-15
1650032980.0,1650034470.0,motion,2022-04-15
1650034900.0,1650035040.0,motion,2022-04-15
1650035580.0,1650038640.0,motion,2022-04-15
1650039280.0,1650039510.0,motion,2022-04-15
1650040000.0,1650040010.0,motion,2022-04-15
1650041620.0,1650041630.0,motion,2022-04-15
1650042920.0,1650042940.0,motion,2022-04-15
1649902010.0,1649902550.0,wake,2022-04-14
1649903940.0,1649904450.0,wake,2022-04-14
1649904850.0,1649904920.0,wake,2022-04-14
1649909100.0,1649909830.0,wake,2022-04-14
1649915150.0,1649915190.0,wake,2022-04-14
1649938780.0,1649938820.0,wake,2022-04-14
1649942460.0,1649942800.0,wake,2022-04-14
1649943320.0,1649943570.0,wake,2022-04-14
1649944980.0,1649945280.0,wake,2022-04-14
1649945650.0,1649946520.0,wake,2022-04-14
1649947580.0,1649949060.0,wake,2022-04-14
1649950530.0,1649950540.0,wake,2022-04-14
1649952330.0,1649952350.0,wake,2022-04-14
1649954260.0,1649955070.0,wake,2022-04-14
1649955500.0,1649955580.0,wake,2022-04-14
1649901630.0,1649902820.0,motion,2022-04-14
1649903360.0,1649903380.0,motion,2022-04-14
1649903890.0,1649904440.0,motion,2022-04-14
1649904790.0,1649905060.0,motion,2022-04-14
1649905550.0,1649905560.0,motion,2022-04-14
1649906090.0,1649906330.0,motion,2022-04-14
1649907030.0,1649908600.0,motion,2022-04-14
1649909010.0,1649909800.0,motion,2022-04-14
1649915090.0,1649915410.0,motion,2022-04-14
1649935980.0,1649935990.0,motion,2022-04-14
1649937320.0,1649937360.0,motion,2022-04-14
1649938520.0,1649938810.0,motion,2022-04-14
1649939770.0,1649939790.0,motion,2022-04-14
1649942390.0,1649942790.0,motion,2022-04-14
1649943250.0,1649943850.0,motion,2022-04-14
1649944180.0,1649946600.0,motion,2022-04-14
1649946920.0,1649946950.0,motion,2022-04-14
1649947430.0,1649949420.0,motion,2022-04-14
1649949970.0,1649950000.0,motion,2022-04-14
1649950450.0,1649950550.0,motion,2022-04-14
1649951860.0,1649951890.0,motion,2022-04-14
1649952270.0,1649953280.0,motion,2022-04-14
1649954190.0,1649955580.0,motion,2022-04-14
1649820870.0,1649820940.0,wake,2022-04-13
1649852110.0,1649852140.0,wake,2022-04-13
1649852590.0,1649852830.0,wake,2022-04-13
1649853630.0,1649853640.0,wake,2022-04-13
1649854510.0,1649855030.0,wake,2022-04-13
1649855830.0,1649855950.0,wake,2022-04-13
1649856540.0,1649856740.0,wake,2022-04-13
1649857120.0,1649857800.0,wake,2022-04-13
1649860340.0,1649860480.0,wake,2022-04-13
1649863080.0,1649863370.0,wake,2022-04-13
1649864280.0,1649864330.0,wake,2022-04-13
1649864680.0,1649865240.0,wake,2022-04-13
1649866090.0,1649866270.0,wake,2022-04-13
1649869170.0,1649869180.0,wake,2022-04-13
1649815540.0,1649815560.0,motion,2022-04-13
1649816220.0,1649816230.0,motion,2022-04-13
1649816700.0,1649816720.0,motion,2022-04-13
1649817030.0,1649817040.0,motion,2022-04-13
1649818290.0,1649818460.0,motion,2022-04-13
1649819410.0,1649819420.0,motion,2022-04-13
1649820310.0,1649821040.0,motion,2022-04-13
1649823560.0,1649823590.0,motion,2022-04-13
1649824040.0,1649824050.0,motion,2022-04-13
1649838260.0,1649838270.0,motion,2022-04-13
1649848760.0,1649848770.0,motion,2022-04-13
1649852000.0,1649854080.0,motion,2022-04-13
1649854460.0,1649856120.0,motion,2022-04-13
1649856480.0,1649857800.0,motion,2022-04-13
1649858360.0,1649858390.0,motion,2022-04-13
1649859020.0,1649859040.0,motion,2022-04-13
1649860100.0,1649860460.0,motion,2022-04-13
1649860800.0,1649860810.0,motion,2022-04-13
1649862160.0,1649862180.0,motion,2022-04-13
1649862940.0,1649864280.0,motion,2022-04-13
1649864610.0,1649866400.0,motion,2022-04-13
1649867190.0,1649867200.0,motion,2022-04-13
1649867600.0,1649867910.0,motion,2022-04-13
1649868270.0,1649869400.0,motion,2022-04-13
1649870340.0,1649870350.0,motion,2022-04-13
1649871230.0,1649871240.0,motion,2022-04-13
1649871560.0,1649871620.0,motion,2022-04-13
1649872340.0,1649872360.0,motion,2022-04-13
1650336360.0,1650336730.0,wake,2022-04-19
1650337890.0,1650339150.0,wake,2022-04-19
1650339540.0,1650339720.0,wake,2022-04-19
1650340880.0,1650341500.0,wake,2022-04-19
1650342000.0,1650342160.0,wake,2022-04-19
1650342760.0,1650343090.0,wake,2022-04-19
1650343910.0,1650344080.0,wake,2022-04-19
1650344840.0,1650346840.0,wake,2022-04-19
1650370350.0,1650372300.0,wake,2022-04-19
1650372640.0,1650373330.0,wake,2022-04-19
1650373870.0,1650373940.0,wake,2022-04-19
1650374540.0,1650374880.0,wake,2022-04-19
1650376210.0,1650376530.0,wake,2022-04-19
1650377280.0,1650377540.0,wake,2022-04-19
1650378550.0,1650378620.0,wake,2022-04-19
1650379180.0,1650379230.0,wake,2022-04-19
1650382480.0,1650382580.0,wake,2022-04-19
1650383100.0,1650383430.0,wake,2022-04-19
1650385100.0,1650385150.0,wake,2022-04-19
1650385850.0,1650386060.0,wake,2022-04-19
1650386410.0,1650386630.0,wake,2022-04-19
1650386970.0,1650387330.0,wake,2022-04-19
1650387930.0,1650388630.0,wake,2022-04-19
1650389070.0,1650390900.0,wake,2022-04-19
1650333790.0,1650334030.0,motion,2022-04-19
1650335690.0,1650335860.0,motion,2022-04-19
1650336330.0,1650336900.0,motion,2022-04-19
1650337210.0,1650337530.0,motion,2022-04-19
1650337850.0,1650340020.0,motion,2022-04-19
1650340420.0,1650340490.0,motion,2022-04-19
1650340860.0,1650341520.0,motion,2022-04-19
1650341940.0,1650342220.0,motion,2022-04-19
1650342690.0,1650343240.0,motion,2022-04-19
1650343790.0,1650347060.0,motion,2022-04-19
1650347490.0,1650347530.0,motion,2022-04-19
1650352760.0,1650352780.0,motion,2022-04-19
1650357170.0,1650357220.0,motion,2022-04-19
1650360090.0,1650360110.0,motion,2022-04-19
1650362670.0,1650362720.0,motion,2022-04-19
1650363790.0,1650363820.0,motion,2022-04-19
1650365260.0,1650365290.0,motion,2022-04-19
1650367950.0,1650367990.0,motion,2022-04-19
1650368520.0,1650368540.0,motion,2022-04-19
1650369250.0,1650370000.0,motion,2022-04-19
1650370320.0,1650373430.0,motion,2022-04-19
1650373820.0,1650375320.0,motion,2022-04-19
1650375740.0,1650377540.0,motion,2022-04-19
1650377950.0,1650377960.0,motion,2022-04-19
1650378470.0,1650380170.0,motion,2022-04-19
1650381170.0,1650381540.0,motion,2022-04-19
1650382400.0,1650382550.0,motion,2022-04-19
1650383060.0,1650383430.0,motion,2022-04-19
1650384120.0,1650384150.0,motion,2022-04-19
1650384460.0,1650384480.0,motion,2022-04-19
1650385030.0,1650385440.0,motion,2022-04-19
1650385810.0,1650386060.0,motion,2022-04-19
1650386380.0,1650391160.0,motion,2022-04-19
1650247840.0,1650248100.0,wake,2022-04-18
1650248520.0,1650249190.0,wake,2022-04-18
1650249900.0,1650250420.0,wake,2022-04-18
1650250780.0,1650250790.0,wake,2022-04-18
1650251160.0,1650252300.0,wake,2022-04-18
1650252680.0,1650252760.0,wake,2022-04-18
1650254010.0,1650254460.0,wake,2022-04-18
1650254930.0,1650255180.0,wake,2022-04-18
1650270070.0,1650270110.0,wake,2022-04-18
1650275280.0,1650275360.0,wake,2022-04-18
1650285860.0,1650286050.0,wake,2022-04-18
1650286530.0,1650288510.0,wake,2022-04-18
1650288850.0,1650289570.0,wake,2022-04-18
1650289890.0,1650290420.0,wake,2022-04-18
1650290880.0,1650291350.0,wake,2022-04-18
1650291750.0,1650291910.0,wake,2022-04-18
1650294870.0,1650299100.0,wake,2022-04-18
1650299450.0,1650302070.0,wake,2022-04-18
1650302390.0,1650302570.0,wake,2022-04-18
1650303210.0,1650304170.0,wake,2022-04-18
1650304630.0,1650304750.0,wake,2022-04-18
1650247360.0,1650247380.0,motion,2022-04-18
1650247760.0,1650249250.0,motion,2022-04-18
1650249860.0,1650250790.0,motion,2022-04-18
1650251140.0,1650252290.0,motion,2022-04-18
1650252650.0,1650252720.0,motion,2022-04-18
1650253140.0,1650253160.0,motion,2022-04-18
1650253510.0,1650253550.0,motion,2022-04-18
1650253970.0,1650255140.0,motion,2022-04-18
1650259900.0,1650259920.0,motion,2022-04-18
1650264760.0,1650264780.0,motion,2022-04-18
1650265550.0,1650265840.0,motion,2022-04-18
1650268760.0,1650268780.0,motion,2022-04-18
1650270010.0,1650270100.0,motion,2022-04-18
1650270560.0,1650270580.0,motion,2022-04-18
1650272180.0,1650272200.0,motion,2022-04-18
1650273260.0,1650273290.0,motion,2022-04-18
1650273850.0,1650273890.0,motion,2022-04-18
1650275260.0,1650275360.0,motion,2022-04-18
1650276930.0,1650276950.0,motion,2022-04-18
1650280860.0,1650280880.0,motion,2022-04-18
1650282520.0,1650282550.0,motion,2022-04-18
1650284160.0,1650284170.0,motion,2022-04-18
1650285210.0,1650285360.0,motion,2022-04-18
1650285810.0,1650291890.0,motion,2022-04-18
1650294840.0,1650304720.0,motion,2022-04-18
1650075330.0,1650075400.0,wake,2022-04-16
1650077570.0,1650077740.0,wake,2022-04-16
1650078110.0,1650078200.0,wake,2022-04-16
1650078660.0,1650080470.0,wake,2022-04-16
1650082770.0,1650082830.0,wake,2022-04-16
1650084030.0,1650084430.0,wake,2022-04-16
1650085030.0,1650085090.0,wake,2022-04-16
1650086230.0,1650086450.0,wake,2022-04-16
1650086950.0,1650087060.0,wake,2022-04-16
1650111650.0,1650111700.0,wake,2022-04-16
1650116020.0,1650116960.0,wake,2022-04-16
1650118180.0,1650118210.0,wake,2022-04-16
1650120710.0,1650120910.0,wake,2022-04-16
1650121750.0,1650121770.0,wake,2022-04-16
1650122340.0,1650122520.0,wake,2022-04-16
1650124390.0,1650128050.0,wake,2022-04-16
1650128360.0,1650128560.0,wake,2022-04-16
1650128960.0,1650129140.0,wake,2022-04-16
1650131530.0,1650131700.0,wake,2022-04-16
1650075290.0,1650075620.0,motion,2022-04-16
1650076420.0,1650076750.0,motion,2022-04-16
1650077090.0,1650077130.0,motion,2022-04-16
1650077540.0,1650080770.0,motion,2022-04-16
1650082730.0,1650083160.0,motion,2022-04-16
1650083990.0,1650085060.0,motion,2022-04-16
1650085370.0,1650086450.0,motion,2022-04-16
1650086890.0,1650087040.0,motion,2022-04-16
1650088230.0,1650088250.0,motion,2022-04-16
1650089770.0,1650089790.0,motion,2022-04-16
1650097360.0,1650097390.0,motion,2022-04-16
1650098140.0,1650098160.0,motion,2022-04-16
1650101570.0,1650101630.0,motion,2022-04-16
1650102030.0,1650102050.0,motion,2022-04-16
1650102910.0,1650102940.0,motion,2022-04-16
1650108910.0,1650108930.0,motion,2022-04-16
1650110040.0,1650110060.0,motion,2022-04-16
1650110950.0,1650111270.0,motion,2022-04-16
1650111610.0,1650111670.0,motion,2022-04-16
1650113770.0,1650113880.0,motion,2022-04-16
1650115990.0,1650116920.0,motion,2022-04-16
1650117460.0,1650117590.0,motion,2022-04-16
1650118120.0,1650118400.0,motion,2022-04-16
1650118760.0,1650118790.0,motion,2022-04-16
1650119380.0,1650119400.0,motion,2022-04-16
1650120650.0,1650121190.0,motion,2022-04-16
1650121680.0,1650121770.0,motion,2022-04-16
1650122300.0,1650122630.0,motion,2022-04-16
1650123630.0,1650123650.0,motion,2022-04-16
1650124330.0,1650128540.0,motion,2022-04-16
1650128930.0,1650129280.0,motion,2022-04-16
1650131140.0,1650131790.0,motion,2022-04-16
1650160960.0,1650168800.0,wake,2022-04-17
1650169630.0,1650170050.0,wake,2022-04-17
1650171890.0,1650171930.0,wake,2022-04-17
1650172280.0,1650172500.0,wake,2022-04-17
1650173190.0,1650173250.0,wake,2022-04-17
1650174390.0,1650174950.0,wake,2022-04-17
1650199640.0,1650201500.0,wake,2022-04-17
1650201810.0,1650202540.0,wake,2022-04-17
1650202850.0,1650202890.0,wake,2022-04-17
1650203430.0,1650205530.0,wake,2022-04-17
1650208430.0,1650208640.0,wake,2022-04-17
1650210030.0,1650210500.0,wake,2022-04-17
1650212220.0,1650212260.0,wake,2022-04-17
1650213390.0,1650213690.0,wake,2022-04-17
1650214170.0,1650214710.0,wake,2022-04-17
1650215350.0,1650215410.0,wake,2022-04-17
1650217950.0,1650218010.0,wake,2022-04-17
1650160930.0,1650170050.0,motion,2022-04-17
1650171840.0,1650171900.0,motion,2022-04-17
1650172220.0,1650172570.0,motion,2022-04-17
1650173040.0,1650173240.0,motion,2022-04-17
1650174350.0,1650174920.0,motion,2022-04-17
1650175560.0,1650175590.0,motion,2022-04-17
1650180970.0,1650180990.0,motion,2022-04-17
1650184710.0,1650184730.0,motion,2022-04-17
1650194660.0,1650194680.0,motion,2022-04-17
1650195480.0,1650195500.0,motion,2022-04-17
1650196920.0,1650196950.0,motion,2022-04-17
1650197350.0,1650197370.0,motion,2022-04-17
1650197950.0,1650198850.0,motion,2022-04-17
1650199450.0,1650205660.0,motion,2022-04-17
1650206490.0,1650206660.0,motion,2022-04-17
1650207050.0,1650207370.0,motion,2022-04-17
1650207780.0,1650208050.0,motion,2022-04-17
1650208380.0,1650209210.0,motion,2022-04-17
1650209880.0,1650210500.0,motion,2022-04-17
1650211630.0,1650211830.0,motion,2022-04-17
1650212180.0,1650212470.0,motion,2022-04-17
1650213350.0,1650213630.0,motion,2022-04-17
1650214130.0,1650215470.0,motion,2022-04-17
1650217480.0,1650217510.0,motion,2022-04-17
1650217910.0,1650217980.0,motion,2022-04-17
1649989240.0,1649991060.0,wake,2022-04-15
1649992720.0,1649993470.0,wake,2022-04-15
1649996030.0,1649996110.0,wake,2022-04-15
1649996750.0,1649997190.0,wake,2022-04-15
1649997900.0,1649998620.0,wake,2022-04-15
1650028990.0,1650029110.0,wake,2022-04-15
1650029610.0,1650029680.0,wake,2022-04-15
1650030640.0,1650032520.0,wake,2022-04-15
1650032990.0,1650034620.0,wake,2022-04-15
1650034940.0,1650035150.0,wake,2022-04-15
1650035460.0,1650038720.0,wake,2022-04-15
1650039100.0,1650039560.0,wake,2022-04-15
1650039970.0,1650040040.0,wake,2022-04-15
1649988910.0,1649991360.0,motion,2022-04-15
1649991670.0,1649992120.0,motion,2022-04-15
1649992660.0,1649993490.0,motion,2022-04-15
1649995980.0,1649998610.0,motion,2022-04-15
1649999160.0,1649999200.0,motion,2022-04-15
1650000320.0,1650000340.0,motion,2022-04-15
1650008760.0,1650008780.0,motion,2022-04-15
1650013660.0,1650013920.0,motion,2022-04-15
1650014240.0,1650014450.0,motion,2022-04-15
1650015090.0,1650015350.0,motion,2022-04-15
1650016290.0,1650016310.0,motion,2022-04-15
1650017050.0,1650017060.0,motion,2022-04-15
1650019040.0,1650019070.0,motion,2022-04-15
1650019850.0,1650020180.0,motion,2022-04-15
1650022090.0,1650022120.0,motion,2022-04-15
1650024480.0,1650024510.0,motion,2022-04-15
1650025440.0,1650025450.0,motion,2022-04-15
1650025840.0,1650025980.0,motion,2022-04-15
1650026660.0,1650026750.0,motion,2022-04-15
1650028110.0,1650028540.0,motion,2022-04-15
1650028940.0,1650029070.0,motion,2022-04-15
1650029580.0,1650029640.0,motion,2022-04-15
1650030250.0,1650030270.0,motion,2022-04-15
1650030580.0,1650032640.0,motion,2022-04-15
1650032950.0,1650040090.0,motion,2022-04-15
1650040460.0,1650040490.0,motion,2022-04-15
1650040920.0,1650041650.0,motion,2022-04-15
1650042710.0,1650042950.0,motion,2022-04-15
1649901690.0,1649902900.0,wake,2022-04-14
1649903290.0,1649905670.0,wake,2022-04-14
1649906160.0,1649906390.0,wake,2022-04-14
1649906810.0,1649909910.0,wake,2022-04-14
1649915110.0,1649915510.0,wake,2022-04-14
1649938540.0,1649938870.0,wake,2022-04-14
1649939330.0,1649939390.0,wake,2022-04-14
1649939780.0,1649939830.0,wake,2022-04-14
1649942420.0,1649947020.0,wake,2022-04-14
1649947450.0,1649949660.0,wake,2022-04-14
1649949970.0,1649950620.0,wake,2022-04-14
1649951880.0,1649951960.0,wake,2022-04-14
1649952290.0,1649953540.0,wake,2022-04-14
1649954010.0,1649955620.0,wake,2022-04-14
1649901620.0,1649902850.0,motion,2022-04-14
1649903230.0,1649905680.0,motion,2022-04-14
1649906080.0,1649906380.0,motion,2022-04-14
1649906730.0,1649909880.0,motion,2022-04-14
1649910240.0,1649910270.0,motion,2022-04-14
1649910810.0,1649910930.0,motion,2022-04-14
1649915080.0,1649915590.0,motion,2022-04-14
1649917770.0,1649917790.0,motion,2022-04-14
1649925100.0,1649925120.0,motion,2022-04-14
1649928370.0,1649928390.0,motion,2022-04-14
1649933800.0,1649934010.0,motion,2022-04-14
1649935560.0,1649936000.0,motion,2022-04-14
1649937320.0,1649937370.0,motion,2022-04-14
1649938510.0,1649939800.0,motion,2022-04-14
1649940450.0,1649940470.0,motion,2022-04-14
1649940970.0,1649941130.0,motion,2022-04-14
1649941550.0,1649941820.0,motion,2022-04-14
1649942390.0,1649946980.0,motion,2022-04-14
1649947420.0,1649950590.0,motion,2022-04-14
1649950980.0,1649951380.0,motion,2022-04-14
1649951850.0,1649951940.0,motion,2022-04-14
1649952250.0,1649955690.0,motion,2022-04-14
1649815590.0,1649815620.0,wake,2022-04-13
1649816150.0,1649818550.0,wake,2022-04-13
1649819440.0,1649819550.0,wake,2022-04-13
1649819860.0,1649819890.0,wake,2022-04-13
1649820420.0,1649821110.0,wake,2022-04-13
1649821880.0,1649821890.0,wake,2022-04-13
1649823580.0,1649823650.0,wake,2022-04-13
1649839440.0,1649839500.0,wake,2022-04-13
1649851920.0,1649858710.0,wake,2022-04-13
1649859050.0,1649860520.0,wake,2022-04-13
1649860830.0,1649861140.0,wake,2022-04-13
1649861730.0,1649869890.0,wake,2022-04-13
1649870380.0,1649870420.0,wake,2022-04-13
1649871590.0,1649871690.0,wake,2022-04-13
1649872400.0,1649872410.0,wake,2022-04-13
1649815280.0,1649815570.0,motion,2022-04-13
1649815880.0,1649821400.0,motion,2022-04-13
1649821770.0,1649821890.0,motion,2022-04-13
1649822420.0,1649822440.0,motion,2022-04-13
1649823470.0,1649823610.0,motion,2022-04-13
1649824030.0,1649824280.0,motion,2022-04-13
1649838250.0,1649838280.0,motion,2022-04-13
1649839400.0,1649839460.0,motion,2022-04-13
1649840590.0,1649840610.0,motion,2022-04-13
1649843570.0,1649843590.0,motion,2022-04-13
1649844270.0,1649844290.0,motion,2022-04-13
1649846720.0,1649846740.0,motion,2022-04-13
1649847540.0,1649847550.0,motion,2022-04-13
1649848750.0,1649848770.0,motion,2022-04-13
1649849570.0,1649849590.0,motion,2022-04-13
1649850070.0,1649850080.0,motion,2022-04-13
1649850440.0,1649850730.0,motion,2022-04-13
1649851870.0,1649861110.0,motion,2022-04-13
1649861480.0,1649869450.0,motion,2022-04-13
1649869770.0,1649870400.0,motion,2022-04-13
1649870720.0,1649871670.0,motion,2022-04-13
1649872330.0,1649872600.0,motion,2022-04-13
1650336370.0,1650336670.0,wake,2022-04-19
1650337910.0,1650338980.0,wake,2022-04-19
1650339560.0,1650339720.0,wake,2022-04-19
1650341210.0,1650341220.0,wake,2022-04-19
1650342010.0,1650342140.0,wake,2022-04-19
1650342780.0,1650342900.0,wake,2022-04-19
1650344850.0,1650346810.0,wake,2022-04-19
1650370360.0,1650372280.0,wake,2022-04-19
1650372650.0,1650372740.0,wake,2022-04-19
1650373100.0,1650373300.0,wake,2022-04-19
1650373880.0,1650373920.0,wake,2022-04-19
1650374730.0,1650374830.0,wake,2022-04-19
1650376330.0,1650376520.0,wake,2022-04-19
1650377320.0,1650377530.0,wake,2022-04-19
1650379190.0,1650379200.0,wake,2022-04-19
1650382530.0,1650382570.0,wake,2022-04-19
1650385110.0,1650385130.0,wake,2022-04-19
1650385890.0,1650386020.0,wake,2022-04-19
1650386430.0,1650386610.0,wake,2022-04-19
1650386980.0,1650387290.0,wake,2022-04-19
1650387930.0,1650388620.0,wake,2022-04-19
1650389140.0,1650390900.0,wake,2022-04-19
1650333800.0,1650334010.0,motion,2022-04-19
1650335690.0,1650335860.0,motion,2022-04-19
1650336330.0,1650336890.0,motion,2022-04-19
1650337220.0,1650337530.0,motion,2022-04-19
1650337860.0,1650340010.0,motion,2022-04-19
1650340430.0,1650340450.0,motion,2022-04-19
1650340860.0,1650341520.0,motion,2022-04-19
1650341940.0,1650342160.0,motion,2022-04-19
1650342690.0,1650343240.0,motion,2022-04-19
1650343790.0,1650344150.0,motion,2022-04-19
1650344510.0,1650347000.0,motion,2022-04-19
1650347500.0,1650347520.0,motion,2022-04-19
1650357190.0,1650357200.0,motion,2022-04-19
1650360100.0,1650360110.0,motion,2022-04-19
1650362690.0,1650362720.0,motion,2022-04-19
1650363790.0,1650363820.0,motion,2022-04-19
1650365260.0,1650365290.0,motion,2022-04-19
1650367960.0,1650367980.0,motion,2022-04-19
1650368520.0,1650368540.0,motion,2022-04-19
1650369980.0,1650370000.0,motion,2022-04-19
1650370320.0,1650373420.0,motion,2022-04-19
1650373840.0,1650375320.0,motion,2022-04-19
1650375740.0,1650375760.0,motion,2022-04-19
1650376190.0,1650377480.0,motion,2022-04-19
1650377950.0,1650377960.0,motion,2022-04-19
1650378470.0,1650378570.0,motion,2022-04-19
1650379010.0,1650379200.0,motion,2022-04-19
1650379540.0,1650380170.0,motion,2022-04-19
1650381170.0,1650381540.0,motion,2022-04-19
1650382400.0,1650382540.0,motion,2022-04-19
1650383060.0,1650383370.0,motion,2022-04-19
1650384130.0,1650384150.0,motion,2022-04-19
1650384460.0,1650384480.0,motion,2022-04-19
1650385090.0,1650385130.0,motion,2022-04-19
1650385820.0,1650386020.0,motion,2022-04-19
1650386390.0,1650391160.0,motion,2022-04-19
1650247900.0,1650248080.0,wake,2022-04-18
1650248520.0,1650249150.0,wake,2022-04-18
1650249900.0,1650250390.0,wake,2022-04-18
1650251180.0,1650251710.0,wake,2022-04-18
1650252030.0,1650252040.0,wake,2022-04-18
1650252690.0,1650252760.0,wake,2022-04-18
1650254010.0,1650254460.0,wake,2022-04-18
1650254940.0,1650255030.0,wake,2022-04-18
1650270080.0,1650270100.0,wake,2022-04-18
1650275330.0,1650275360.0,wake,2022-04-18
1650285870.0,1650286000.0,wake,2022-04-18
1650286550.0,1650288490.0,wake,2022-04-18
1650289010.0,1650289020.0,wake,2022-04-18
1650289900.0,1650290410.0,wake,2022-04-18
1650290890.0,1650291320.0,wake,2022-04-18
1650291870.0,1650291910.0,wake,2022-04-18
1650294870.0,1650299090.0,wake,2022-04-18
1650299660.0,1650300100.0,wake,2022-04-18
1650300530.0,1650300540.0,wake,2022-04-18
1650300920.0,1650302060.0,wake,2022-04-18
1650302410.0,1650302550.0,wake,2022-04-18
1650303410.0,1650303520.0,wake,2022-04-18
1650303980.0,1650304170.0,wake,2022-04-18
1650304650.0,1650304730.0,wake,2022-04-18
1650247360.0,1650247380.0,motion,2022-04-18
1650247770.0,1650249250.0,motion,2022-04-18
1650249870.0,1650250450.0,motion,2022-04-18
1650251140.0,1650251660.0,motion,2022-04-18
1650252010.0,1650252270.0,motion,2022-04-18
1650252660.0,1650252720.0,motion,2022-04-18
1650253140.0,1650253160.0,motion,2022-04-18
1650253510.0,1650253540.0,motion,2022-04-18
1650253970.0,1650254410.0,motion,2022-04-18
1650254900.0,1650255130.0,motion,2022-04-18
1650264760.0,1650264780.0,motion,2022-04-18
1650265550.0,1650265840.0,motion,2022-04-18
1650268760.0,1650268780.0,motion,2022-04-18
1650270020.0,1650270090.0,motion,2022-04-18
1650272180.0,1650272200.0,motion,2022-04-18
1650273260.0,1650273290.0,motion,2022-04-18
1650273850.0,1650273890.0,motion,2022-04-18
1650275260.0,1650275360.0,motion,2022-04-18
1650280860.0,1650280880.0,motion,2022-04-18
1650282520.0,1650282550.0,motion,2022-04-18
1650284160.0,1650284170.0,motion,2022-04-18
1650285220.0,1650285360.0,motion,2022-04-18
1650285850.0,1650290400.0,motion,2022-04-18
1650290840.0,1650291890.0,motion,2022-04-18
1650294840.0,1650304700.0,motion,2022-04-18
1650075330.0,1650075390.0,wake,2022-04-16
1650077580.0,1650077630.0,wake,2022-04-16
1650079180.0,1650080450.0,wake,2022-04-16
1650084050.0,1650084420.0,wake,2022-04-16
1650085050.0,1650085070.0,wake,2022-04-16
1650086240.0,1650086440.0,wake,2022-04-16
1650086970.0,1650087040.0,wake,2022-04-16
1650116050.0,1650116950.0,wake,2022-04-16
1650120720.0,1650120900.0,wake,2022-04-16
1650122350.0,1650122520.0,wake,2022-04-16
1650124390.0,1650126150.0,wake,2022-04-16
1650127200.0,1650128020.0,wake,2022-04-16
1650128380.0,1650128550.0,wake,2022-04-16
1650128980.0,1650129130.0,wake,2022-04-16
1650131580.0,1650131690.0,wake,2022-04-16
1650075290.0,1650075610.0,motion,2022-04-16
1650076430.0,1650076450.0,motion,2022-04-16
1650077090.0,1650077130.0,motion,2022-04-16
1650077540.0,1650080430.0,motion,2022-04-16
1650080740.0,1650080770.0,motion,2022-04-16
1650082740.0,1650083010.0,motion,2022-04-16
1650083990.0,1650084580.0,motion,2022-04-16
1650085010.0,1650085060.0,motion,2022-04-16
1650085370.0,1650086440.0,motion,2022-04-16
1650086910.0,1650087030.0,motion,2022-04-16
1650089770.0,1650089790.0,motion,2022-04-16
1650097360.0,1650097380.0,motion,2022-04-16
1650098140.0,1650098160.0,motion,2022-04-16
1650101570.0,1650101590.0,motion,2022-04-16
1650102030.0,1650102050.0,motion,2022-04-16
1650102910.0,1650102940.0,motion,2022-04-16
1650110950.0,1650111270.0,motion,2022-04-16
1650111620.0,1650111660.0,motion,2022-04-16
1650113770.0,1650113880.0,motion,2022-04-16
1650115990.0,1650116910.0,motion,2022-04-16
1650117460.0,1650117590.0,motion,2022-04-16
1650118120.0,1650118190.0,motion,2022-04-16
1650118760.0,1650118780.0,motion,2022-04-16
1650120650.0,1650121190.0,motion,2022-04-16
1650121740.0,1650121770.0,motion,2022-04-16
1650122300.0,1650122620.0,motion,2022-04-16
1650124330.0,1650128030.0,motion,2022-04-16
1650128340.0,1650128530.0,motion,2022-04-16
1650128930.0,1650129280.0,motion,2022-04-16
1650131450.0,1650131790.0,motion,2022-04-16
1650160980.0,1650162130.0,wake,2022-04-17
1650162550.0,1650163820.0,wake,2022-04-17
1650164270.0,1650167070.0,wake,2022-04-17
1650167540.0,1650168430.0,wake,2022-04-17
1650168770.0,1650168800.0,wake,2022-04-17
1650169630.0,1650170050.0,wake,2022-04-17
1650172310.0,1650172480.0,wake,2022-04-17
1650174390.0,1650174940.0,wake,2022-04-17
1650199640.0,1650201460.0,wake,2022-04-17
1650201850.0,1650202540.0,wake,2022-04-17
1650203460.0,1650205510.0,wake,2022-04-17
1650208440.0,1650208470.0,wake,2022-04-17
1650210030.0,1650210440.0,wake,2022-04-17
1650213630.0,1650213660.0,wake,2022-04-17
1650214190.0,1650214650.0,wake,2022-04-17
1650215380.0,1650215390.0,wake,2022-04-17
1650160930.0,1650168940.0,motion,2022-04-17
1650169470.0,1650170040.0,motion,2022-04-17
1650171840.0,1650171900.0,motion,2022-04-17
1650172220.0,1650172460.0,motion,2022-04-17
1650173040.0,1650173240.0,motion,2022-04-17
1650174360.0,1650174910.0,motion,2022-04-17
1650175570.0,1650175580.0,motion,2022-04-17
1650180980.0,1650180990.0,motion,2022-04-17
1650194660.0,1650194680.0,motion,2022-04-17
1650195480.0,1650195500.0,motion,2022-04-17
1650197350.0,1650197370.0,motion,2022-04-17
1650198140.0,1650198630.0,motion,2022-04-17
1650199490.0,1650205480.0,motion,2022-04-17
1650206610.0,1650206660.0,motion,2022-04-17
1650207050.0,1650207370.0,motion,2022-04-17
1650207780.0,1650208050.0,motion,2022-04-17
1650208380.0,1650209200.0,motion,2022-04-17
1650209880.0,1650210390.0,motion,2022-04-17
1650211630.0,1650211830.0,motion,2022-04-17
1650212180.0,1650212460.0,motion,2022-04-17
1650213350.0,1650213620.0,motion,2022-04-17
1650214140.0,1650215470.0,motion,2022-04-17
1650217480.0,1650217500.0,motion,2022-04-17
1650217920.0,1650217970.0,motion,2022-04-17
1649989540.0,1649991030.0,wake,2022-04-15
1649992790.0,1649993430.0,wake,2022-04-15
1649996030.0,1649996100.0,wake,2022-04-15
1649996770.0,1649996850.0,wake,2022-04-15
1649997910.0,1649998540.0,wake,2022-04-15
1650029010.0,1650029090.0,wake,2022-04-15
1650029620.0,1650029670.0,wake,2022-04-15
1650030650.0,1650030660.0,wake,2022-04-15
1650031000.0,1650032510.0,wake,2022-04-15
1650032990.0,1650033610.0,wake,2022-04-15
1650033930.0,1650034530.0,wake,2022-04-15
1650034940.0,1650035090.0,wake,2022-04-15
1650035470.0,1650038710.0,wake,2022-04-15
1650039120.0,1650039560.0,wake,2022-04-15
1650039980.0,1650040040.0,wake,2022-04-15
1649989020.0,1649991360.0,motion,2022-04-15
1649991720.0,1649992120.0,motion,2022-04-15
1649992660.0,1649993440.0,motion,2022-04-15
1649995980.0,1649996070.0,motion,2022-04-15
1649996430.0,1649997170.0,motion,2022-04-15
1649997710.0,1649998610.0,motion,2022-04-15
1649999160.0,1649999180.0,motion,2022-04-15
1650013660.0,1650013920.0,motion,2022-04-15
1650015330.0,1650015350.0,motion,2022-04-15
1650016290.0,1650016310.0,motion,2022-04-15
1650019050.0,1650019060.0,motion,2022-04-15
1650020160.0,1650020180.0,motion,2022-04-15
1650022090.0,1650022120.0,motion,2022-04-15
1650025440.0,1650025450.0,motion,2022-04-15
1650025850.0,1650025870.0,motion,2022-04-15
1650028110.0,1650028540.0,motion,2022-04-15
1650028940.0,1650029070.0,motion,2022-04-15
1650029580.0,1650029640.0,motion,2022-04-15
1650030580.0,1650032640.0,motion,2022-04-15
1650032950.0,1650040080.0,motion,2022-04-15
1650040460.0,1650040490.0,motion,2022-04-15
1650040920.0,1650041650.0,motion,2022-04-15
1650042710.0,1650042940.0,motion,2022-04-15
1649901690.0,1649902890.0,wake,2022-04-14
1649903490.0,1649905190.0,wake,2022-04-14
1649905540.0,1649905670.0,wake,2022-04-14
1649906290.0,1649906390.0,wake,2022-04-14
1649906850.0,1649908500.0,wake,2022-04-14
1649908810.0,1649909890.0,wake,2022-04-14
1649915120.0,1649915490.0,wake,2022-04-14
1649938560.0,1649938860.0,wake,2022-04-14
1649939790.0,1649939820.0,wake,2022-04-14
1649942430.0,1649947010.0,wake,2022-04-14
1649947460.0,1649949650.0,wake,2022-04-14
1649949990.0,1649950110.0,wake,2022-04-14
1649950480.0,1649950610.0,wake,2022-04-14
1649951880.0,1649951950.0,wake,2022-04-14
1649952290.0,1649953510.0,wake,2022-04-14
1649954070.0,1649955620.0,wake,2022-04-14
1649901620.0,1649902850.0,motion,2022-04-14
1649903240.0,1649905680.0,motion,2022-04-14
1649906080.0,1649906380.0,motion,2022-04-14
1649906730.0,1649909870.0,motion,2022-04-14
1649910240.0,1649910260.0,motion,2022-04-14
1649915080.0,1649915590.0,motion,2022-04-14
1649917770.0,1649917790.0,motion,2022-04-14
1649933800.0,1649934000.0,motion,2022-04-14
1649935810.0,1649935990.0,motion,2022-04-14
1649937320.0,1649937370.0,motion,2022-04-14
1649938510.0,1649938830.0,motion,2022-04-14
1649939190.0,1649939800.0,motion,2022-04-14
1649940970.0,1649941130.0,motion,2022-04-14
1649942390.0,1649946980.0,motion,2022-04-14
1649947420.0,1649950580.0,motion,2022-04-14
1649951360.0,1649951380.0,motion,2022-04-14
1649951850.0,1649951930.0,motion,2022-04-14
1649952260.0,1649953520.0,motion,2022-04-14
1649953990.0,1649955690.0,motion,2022-04-14
1649816220.0,1649816390.0,wake,2022-04-13
1649816700.0,1649817130.0,wake,2022-04-13
1649817480.0,1649817490.0,wake,2022-04-13
1649818120.0,1649818130.0,wake,2022-04-13
1649818440.0,1649818540.0,wake,2022-04-13
1649819440.0,1649819530.0,wake,2022-04-13
1649820450.0,1649821100.0,wake,2022-04-13
1649823580.0,1649823640.0,wake,2022-04-13
1649839480.0,1649839490.0,wake,2022-04-13
1649851950.0,1649853760.0,wake,2022-04-13
1649854080.0,1649857870.0,wake,2022-04-13
1649858370.0,1649858400.0,wake,2022-04-13
1649859060.0,1649859300.0,wake,2022-04-13
1649859820.0,1649860510.0,wake,2022-04-13
1649860840.0,1649861110.0,wake,2022-04-13
1649861740.0,1649866680.0,wake,2022-04-13
1649867220.0,1649867310.0,wake,2022-04-13
1649867620.0,1649869480.0,wake,2022-04-13
1649871590.0,1649871680.0,wake,2022-04-13
1649815280.0,1649815560.0,motion,2022-04-13
1649815880.0,1649818680.0,motion,2022-04-13
1649819280.0,1649821050.0,motion,2022-04-13
1649821770.0,1649821890.0,motion,2022-04-13
1649823550.0,1649823610.0,motion,2022-04-13
1649824030.0,1649824060.0,motion,2022-04-13
1649838250.0,1649838280.0,motion,2022-04-13
1649839400.0,1649839460.0,motion,2022-04-13
1649840590.0,1649840610.0,motion,2022-04-13
1649843570.0,1649843590.0,motion,2022-04-13
1649844270.0,1649844290.0,motion,2022-04-13
1649848750.0,1649848770.0,motion,2022-04-13
1649849570.0,1649849590.0,motion,2022-04-13
1649850710.0,1649850730.0,motion,2022-04-13
1649851880.0,1649860470.0,motion,2022-04-13
1649860790.0,1649861110.0,motion,2022-04-13
1649861690.0,1649869450.0,motion,2022-04-13
1649869790.0,1649870360.0,motion,2022-04-13
1649870720.0,1649870730.0,motion,2022-04-13
1649871070.0,1649871670.0,motion,2022-04-13
1649872330.0,1649872470.0,motion,2022-04-13
1650336380.0,1650336460.0,wake,2022-04-19
1650337930.0,1650338950.0,wake,2022-04-19
1650342050.0,1650342120.0,wake,2022-04-19
1650342830.0,1650342880.0,wake,2022-04-19
1650345280.0,1650346810.0,wake,2022-04-19
1650370370.0,1650372260.0,wake,2022-04-19
1650372680.0,1650372700.0,wake,2022-04-19
1650373170.0,1650373290.0,wake,2022-04-19
1650373900.0,1650373910.0,wake,2022-04-19
1650374750.0,1650374800.0,wake,2022-04-19
1650376400.0,1650376500.0,wake,2022-04-19
1650377360.0,1650377490.0,wake,2022-04-19
1650385930.0,1650385940.0,wake,2022-04-19
1650386470.0,1650386590.0,wake,2022-04-19
1650387040.0,1650387270.0,wake,2022-04-19
1650387940.0,1650388380.0,wake,2022-04-19
1650389190.0,1650389660.0,wake,2022-04-19
1650390020.0,1650390890.0,wake,2022-04-19
1650333810.0,1650333820.0,motion,2022-04-19
1650335690.0,1650335860.0,motion,2022-04-19
1650336340.0,1650336890.0,motion,2022-04-19
1650337220.0,1650337410.0,motion,2022-04-19
1650337860.0,1650338990.0,motion,2022-04-19
1650339550.0,1650340010.0,motion,2022-04-19
1650340430.0,1650340450.0,motion,2022-04-19
1650340880.0,1650341440.0,motion,2022-04-19
1650341940.0,1650342160.0,motion,2022-04-19
1650342690.0,1650343230.0,motion,2022-04-19
1650343910.0,1650344140.0,motion,2022-04-19
1650344510.0,1650347000.0,motion,2022-04-19
1650360100.0,1650360110.0,motion,2022-04-19
1650362690.0,1650362720.0,motion,2022-04-19
1650363790.0,1650363820.0,motion,2022-04-19
1650365260.0,1650365290.0,motion,2022-04-19
1650367960.0,1650367970.0,motion,2022-04-19
1650368520.0,1650368540.0,motion,2022-04-19
1650370320.0,1650373420.0,motion,2022-04-19
1650373850.0,1650374170.0,motion,2022-04-19
1650374530.0,1650375310.0,motion,2022-04-19
1650376320.0,1650377480.0,motion,2022-04-19
1650378520.0,1650378540.0,motion,2022-04-19
1650379030.0,1650379170.0,motion,2022-04-19
1650379540.0,1650380170.0,motion,2022-04-19
1650381310.0,1650381540.0,motion,2022-04-19
1650382410.0,1650382540.0,motion,2022-04-19
1650383060.0,1650383370.0,motion,2022-04-19
1650384460.0,1650384480.0,motion,2022-04-19
1650385090.0,1650385120.0,motion,2022-04-19
1650385850.0,1650385960.0,motion,2022-04-19
1650386390.0,1650387270.0,motion,2022-04-19
1650387810.0,1650388750.0,motion,2022-04-19
1650389120.0,1650391150.0,motion,2022-04-19
1650248530.0,1650248960.0,wake,2022-04-18
1650249910.0,1650250360.0,wake,2022-04-18
1650251200.0,1650251550.0,wake,2022-04-18
1650252700.0,1650252750.0,wake,2022-04-18
1650254020.0,1650254460.0,wake,2022-04-18
1650254950.0,1650255020.0,wake,2022-04-18
1650285880.0,1650285950.0,wake,2022-04-18
1650286570.0,1650288490.0,wake,2022-04-18
1650289930.0,1650289950.0,wake,2022-04-18
1650290330.0,1650290380.0,wake,2022-04-18
1650290920.0,1650291300.0,wake,2022-04-18
1650294890.0,1650295550.0,wake,2022-04-18
1650296010.0,1650299040.0,wake,2022-04-18
1650299750.0,1650300090.0,wake,2022-04-18
1650300970.0,1650302040.0,wake,2022-04-18
1650302420.0,1650302510.0,wake,2022-04-18
1650303480.0,1650303500.0,wake,2022-04-18
1650303980.0,1650304150.0,wake,2022-04-18
1650247360.0,1650247370.0,motion,2022-04-18
1650247860.0,1650248060.0,motion,2022-04-18
1650248390.0,1650249250.0,motion,2022-04-18
1650249870.0,1650250360.0,motion,2022-04-18
1650251140.0,1650251650.0,motion,2022-04-18
1650252030.0,1650252040.0,motion,2022-04-18
1650252660.0,1650252720.0,motion,2022-04-18
1650253520.0,1650253530.0,motion,2022-04-18
1650253970.0,1650254410.0,motion,2022-04-18
1650254900.0,1650255120.0,motion,2022-04-18
1650264760.0,1650264780.0,motion,2022-04-18
1650265550.0,1650265580.0,motion,2022-04-18
1650268770.0,1650268780.0,motion,2022-04-18
1650270020.0,1650270090.0,motion,2022-04-18
1650272180.0,1650272200.0,motion,2022-04-18
1650273280.0,1650273290.0,motion,2022-04-18
1650273860.0,1650273890.0,motion,2022-04-18
1650275260.0,1650275350.0,motion,2022-04-18
1650282520.0,1650282550.0,motion,2022-04-18
1650285350.0,1650285360.0,motion,2022-04-18
1650285850.0,1650286000.0,motion,2022-04-18
1650286360.0,1650288460.0,motion,2022-04-18
1650288780.0,1650290390.0,motion,2022-04-18
1650290850.0,1650291350.0,motion,2022-04-18
1650291730.0,1650291850.0,motion,2022-04-18
1650294840.0,1650299040.0,motion,2022-04-18
1650299400.0,1650302020.0,motion,2022-04-18
1650302360.0,1650304680.0,motion,2022-04-18
1650075340.0,1650075380.0,wake,2022-04-16
1650079190.0,1650079300.0,wake,2022-04-16
1650079840.0,1650080450.0,wake,2022-04-16
1650084360.0,1650084410.0,wake,2022-04-16
1650086240.0,1650086430.0,wake,2022-04-16
1650116060.0,1650116930.0,wake,2022-04-16
1650120730.0,1650120750.0,wake,2022-04-16
1650122370.0,1650122400.0,wake,2022-04-16
1650124400.0,1650125800.0,wake,2022-04-16
1650127230.0,1650127370.0,wake,2022-04-16
1650127900.0,1650127940.0,wake,2022-04-16
1650128410.0,1650128520.0,wake,2022-04-16
1650128990.0,1650129110.0,wake,2022-04-16
1650131580.0,1650131680.0,wake,2022-04-16
1650075290.0,1650075610.0,motion,2022-04-16
1650076430.0,1650076450.0,motion,2022-04-16
1650077090.0,1650077130.0,motion,2022-04-16
1650077540.0,1650078190.0,motion,2022-04-16
1650078650.0,1650080410.0,motion,2022-04-16
1650080740.0,1650080750.0,motion,2022-04-16
1650082740.0,1650083000.0,motion,2022-04-16
1650083990.0,1650084570.0,motion,2022-04-16
1650085010.0,1650085060.0,motion,2022-04-16
1650085370.0,1650086380.0,motion,2022-04-16
1650086970.0,1650087030.0,motion,2022-04-16
1650097360.0,1650097370.0,motion,2022-04-16
1650098140.0,1650098160.0,motion,2022-04-16
1650102920.0,1650102940.0,motion,2022-04-16
1650111080.0,1650111270.0,motion,2022-04-16
1650111620.0,1650111660.0,motion,2022-04-16
1650113770.0,1650113880.0,motion,2022-04-16
1650115990.0,1650116910.0,motion,2022-04-16
1650117460.0,1650117590.0,motion,2022-04-16
1650118160.0,1650118190.0,motion,2022-04-16
1650118770.0,1650118780.0,motion,2022-04-16
1650120650.0,1650120860.0,motion,2022-04-16
1650121740.0,1650121770.0,motion,2022-04-16
1650122310.0,1650122520.0,motion,2022-04-16
1650124330.0,1650126080.0,motion,2022-04-16
1650126630.0,1650128020.0,motion,2022-04-16
1650128340.0,1650128530.0,motion,2022-04-16
1650128940.0,1650129090.0,motion,2022-04-16
1650131460.0,1650131790.0,motion,2022-04-16
1650160990.0,1650162000.0,wake,2022-04-17
1650162560.0,1650163810.0,wake,2022-04-17
1650164280.0,1650165770.0,wake,2022-04-17
1650166110.0,1650167040.0,wake,2022-04-17
1650167550.0,1650168420.0,wake,2022-04-17
1650169630.0,1650169990.0,wake,2022-04-17
1650174400.0,1650174910.0,wake,2022-04-17
1650200030.0,1650200510.0,wake,2022-04-17
1650200900.0,1650201280.0,wake,2022-04-17
1650201890.0,1650202500.0,wake,2022-04-17
1650203480.0,1650205490.0,wake,2022-04-17
1650210040.0,1650210410.0,wake,2022-04-17
1650214200.0,1650214570.0,wake,2022-04-17
1650160930.0,1650162070.0,motion,2022-04-17
1650162540.0,1650167040.0,motion,2022-04-17
1650167490.0,1650168740.0,motion,2022-04-17
1650169480.0,1650170040.0,motion,2022-04-17
1650171850.0,1650171860.0,motion,2022-04-17
1650172240.0,1650172450.0,motion,2022-04-17
1650174360.0,1650174890.0,motion,2022-04-17
1650175570.0,1650175580.0,motion,2022-04-17
1650194660.0,1650194680.0,motion,2022-04-17
1650197350.0,1650197370.0,motion,2022-04-17
1650198140.0,1650198150.0,motion,2022-04-17
1650198550.0,1650198560.0,motion,2022-04-17
1650199490.0,1650202480.0,motion,2022-04-17
1650202800.0,1650205480.0,motion,2022-04-17
1650206610.0,1650206630.0,motion,2022-04-17
1650207050.0,1650207370.0,motion,2022-04-17
1650207790.0,1650207800.0,motion,2022-04-17
1650208390.0,1650209200.0,motion,2022-04-17
1650209880.0,1650210380.0,motion,2022-04-17
1650212450.0,1650212460.0,motion,2022-04-17
1650213360.0,1650213620.0,motion,2022-04-17
1650214140.0,1650214630.0,motion,2022-04-17
1650215150.0,1650215360.0,motion,2022-04-17
1650217480.0,1650217500.0,motion,2022-04-17
1650217920.0,1650217970.0,motion,2022-04-17
1649989550.0,1649990650.0,wake,2022-04-15
1649992800.0,1649993400.0,wake,2022-04-15
1649996050.0,1649996080.0,wake,2022-04-15
1649997930.0,1649998510.0,wake,2022-04-15
1650029020.0,1650029090.0,wake,2022-04-15
1650031010.0,1650032010.0,wake,2022-04-15
1650032430.0,1650032500.0,wake,2022-04-15
1650033000.0,1650033600.0,wake,2022-04-15
1650033940.0,1650034500.0,wake,2022-04-15
1650034940.0,1650035070.0,wake,2022-04-15
1650035490.0,1650038480.0,wake,2022-04-15
1650039180.0,1650039540.0,wake,2022-04-15
1650039990.0,1650040010.0,wake,2022-04-15
1649989020.0,1649991290.0,motion,2022-04-15
1649991720.0,1649992060.0,motion,2022-04-15
1649992740.0,1649993400.0,motion,2022-04-15
1649995990.0,1649996070.0,motion,2022-04-15
1649996440.0,1649997170.0,motion,2022-04-15
1649997710.0,1649998560.0,motion,2022-04-15
1649999170.0,1649999180.0,motion,2022-04-15
1650013660.0,1650013920.0,motion,2022-04-15
1650016290.0,1650016310.0,motion,2022-04-15
1650019050.0,1650019060.0,motion,2022-04-15
1650020160.0,1650020180.0,motion,2022-04-15
1650022100.0,1650022110.0,motion,2022-04-15
1650025440.0,1650025450.0,motion,2022-04-15
1650025850.0,1650025860.0,motion,2022-04-15
1650028110.0,1650028540.0,motion,2022-04-15
1650028950.0,1650029070.0,motion,2022-04-15
1650029590.0,1650029630.0,motion,2022-04-15
1650030580.0,1650032640.0,motion,2022-04-15
1650032960.0,1650039510.0,motion,2022-04-15
1650039960.0,1650040080.0,motion,2022-04-15
1650040470.0,1650040480.0,motion,2022-04-15
1650040920.0,1650040930.0,motion,2022-04-15
1650041610.0,1650041640.0,motion,2022-04-15
1650042910.0,1650042940.0,motion,2022-04-15
1649901940.0,1649902880.0,wake,2022-04-14
1649903520.0,1649903550.0,wake,2022-04-14
1649903920.0,1649904490.0,wake,2022-04-14
1649904820.0,1649905150.0,wake,2022-04-14
1649905570.0,1649905630.0,wake,2022-04-14
1649906310.0,1649906390.0,wake,2022-04-14
1649906870.0,1649908430.0,wake,2022-04-14
1649909030.0,1649909870.0,wake,2022-04-14
1649915120.0,1649915480.0,wake,2022-04-14
1649938580.0,1649938850.0,wake,2022-04-14
1649942440.0,1649942850.0,wake,2022-04-14
1649943290.0,1649947000.0,wake,2022-04-14
1649947520.0,1649949480.0,wake,2022-04-14
1649950010.0,1649950070.0,wake,2022-04-14
1649950490.0,1649950590.0,wake,2022-04-14
1649951910.0,1649951940.0,wake,2022-04-14
1649952310.0,1649952600.0,wake,2022-04-14
1649952980.0,1649953310.0,wake,2022-04-14
1649954230.0,1649955620.0,wake,2022-04-14
1649901620.0,1649902840.0,motion,2022-04-14
1649903360.0,1649903550.0,motion,2022-04-14
1649903880.0,1649905640.0,motion,2022-04-14
1649906090.0,1649906380.0,motion,2022-04-14
1649906730.0,1649909840.0,motion,2022-04-14
1649910250.0,1649910260.0,motion,2022-04-14
1649915080.0,1649915470.0,motion,2022-04-14
1649933990.0,1649934000.0,motion,2022-04-14
1649935970.0,1649935990.0,motion,2022-04-14
1649937320.0,1649937370.0,motion,2022-04-14
1649938510.0,1649938820.0,motion,2022-04-14
1649939190.0,1649939320.0,motion,2022-04-14
1649939770.0,1649939800.0,motion,2022-04-14
1649940970.0,1649940990.0,motion,2022-04-14
1649942390.0,1649942910.0,motion,2022-04-14
1649943230.0,1649946970.0,motion,2022-04-14
1649947430.0,1649950570.0,motion,2022-04-14
1649951360.0,1649951380.0,motion,2022-04-14
1649951850.0,1649951900.0,motion,2022-04-14
1649952260.0,1649953520.0,motion,2022-04-14
1649954110.0,1649955580.0,motion,2022-04-14
1649816290.0,1649816380.0,wake,2022-04-13
1649816720.0,1649817120.0,wake,2022-04-13
1649818460.0,1649818530.0,wake,2022-04-13
1649819480.0,1649819510.0,wake,2022-04-13
1649820460.0,1649821070.0,wake,2022-04-13
1649852040.0,1649853730.0,wake,2022-04-13
1649854130.0,1649854170.0,wake,2022-04-13
1649854490.0,1649856190.0,wake,2022-04-13
1649856500.0,1649857840.0,wake,2022-04-13
1649858380.0,1649858400.0,wake,2022-04-13
1649859090.0,1649859100.0,wake,2022-04-13
1649860090.0,1649860500.0,wake,2022-04-13
1649862160.0,1649862230.0,wake,2022-04-13
1649862620.0,1649866620.0,wake,2022-04-13
1649867260.0,1649867280.0,wake,2022-04-13
1649867630.0,1649868490.0,wake,2022-04-13
1649868800.0,1649869460.0,wake,2022-04-13
1649871600.0,1649871670.0,wake,2022-04-13
1649815540.0,1649815560.0,motion,2022-04-13
1649815960.0,1649817630.0,motion,2022-04-13
1649818050.0,1649818540.0,motion,2022-04-13
1649819280.0,1649819470.0,motion,2022-04-13
1649819810.0,1649819830.0,motion,2022-04-13
1649820190.0,1649821050.0,motion,2022-04-13
1649821770.0,1649821880.0,motion,2022-04-13
1649823550.0,1649823600.0,motion,2022-04-13
1649824030.0,1649824060.0,motion,2022-04-13
1649838250.0,1649838270.0,motion,2022-04-13
1649839410.0,1649839460.0,motion,2022-04-13
1649843570.0,1649843590.0,motion,2022-04-13
1649848750.0,1649848770.0,motion,2022-04-13
1649849570.0,1649849590.0,motion,2022-04-13
1649850710.0,1649850720.0,motion,2022-04-13
1649851930.0,1649859300.0,motion,2022-04-13
1649859790.0,1649860470.0,motion,2022-04-13
1649860790.0,1649861100.0,motion,2022-04-13
1649861690.0,1649869440.0,motion,2022-04-13
1649869790.0,1649870030.0,motion,2022-04-13
1649870340.0,1649870360.0,motion,2022-04-13
1649871070.0,1649871620.0,motion,2022-04-13
1649872330.0,1649872450.0,motion,2022-04-13
1650336400.0,1650336430.0,wake,2022-04-19
1650337970.0,1650338160.0,wake,2022-04-19
1650342060.0,1650342100.0,wake,2022-04-19
1650342850.0,1650342880.0,wake,2022-04-19
1650345480.0,1650346290.0,wake,2022-04-19
1650346770.0,1650346790.0,wake,2022-04-19
1650370390.0,1650372250.0,wake,2022-04-19
1650373210.0,1650373260.0,wake,2022-04-19
1650374780.0,1650374790.0,wake,2022-04-19
1650377390.0,1650377490.0,wake,2022-04-19
1650387050.0,1650387260.0,wake,2022-04-19
1650387960.0,1650388360.0,wake,2022-04-19
1650389260.0,1650389280.0,wake,2022-04-19
1650389610.0,1650389620.0,wake,2022-04-19
1650390050.0,1650390880.0,wake,2022-04-19
1650335840.0,1650335860.0,motion,2022-04-19
1650336350.0,1650336880.0,motion,2022-04-19
1650337220.0,1650337230.0,motion,2022-04-19
1650337860.0,1650338950.0,motion,2022-04-19
1650339560.0,1650340010.0,motion,2022-04-19
1650340430.0,1650340440.0,motion,2022-04-19
1650341130.0,1650341440.0,motion,2022-04-19
1650341950.0,1650342090.0,motion,2022-04-19
1650342690.0,1650343230.0,motion,2022-04-19
1650344000.0,1650344140.0,motion,2022-04-19
1650344520.0,1650346790.0,motion,2022-04-19
1650360100.0,1650360110.0,motion,2022-04-19
1650363800.0,1650363810.0,motion,2022-04-19
1650365260.0,1650365290.0,motion,2022-04-19
1650370330.0,1650372230.0,motion,2022-04-19
1650372620.0,1650373250.0,motion,2022-04-19
1650373860.0,1650374170.0,motion,2022-04-19
1650374700.0,1650375310.0,motion,2022-04-19
1650376320.0,1650376430.0,motion,2022-04-19
1650376750.0,1650376760.0,motion,2022-04-19
1650377340.0,1650377470.0,motion,2022-04-19
1650379150.0,1650379160.0,motion,2022-04-19
1650379850.0,1650379870.0,motion,2022-04-19
1650381520.0,1650381540.0,motion,2022-04-19
1650382410.0,1650382520.0,motion,2022-04-19
1650383060.0,1650383370.0,motion,2022-04-19
1650385100.0,1650385120.0,motion,2022-04-19
1650385850.0,1650385880.0,motion,2022-04-19
1650386400.0,1650387210.0,motion,2022-04-19
1650387910.0,1650388330.0,motion,2022-04-19
1650388720.0,1650388740.0,motion,2022-04-19
1650389120.0,1650391150.0,motion,2022-04-19
1650248550.0,1650248890.0,wake,2022-04-18
1650250100.0,1650250210.0,wake,2022-04-18
1650251320.0,1650251540.0,wake,2022-04-18
1650252710.0,1650252740.0,wake,2022-04-18
1650254030.0,1650254450.0,wake,2022-04-18
1650254960.0,1650255010.0,wake,2022-04-18
1650286790.0,1650287590.0,wake,2022-04-18
1650287910.0,1650288090.0,wake,2022-04-18
1650288430.0,1650288470.0,wake,2022-04-18
1650291120.0,1650291280.0,wake,2022-04-18
1650294910.0,1650295540.0,wake,2022-04-18
1650296030.0,1650296140.0,wake,2022-04-18
1650296520.0,1650297210.0,wake,2022-04-18
1650297680.0,1650298760.0,wake,2022-04-18
1650299800.0,1650300060.0,wake,2022-04-18
1650300990.0,1650302040.0,wake,2022-04-18
1650302440.0,1650302480.0,wake,2022-04-18
1650304010.0,1650304140.0,wake,2022-04-18
1650247860.0,1650248020.0,motion,2022-04-18
1650248400.0,1650249250.0,motion,2022-04-18
1650249880.0,1650250340.0,motion,2022-04-18
1650251150.0,1650251650.0,motion,2022-04-18
1650252660.0,1650252710.0,motion,2022-04-18
1650253970.0,1650254410.0,motion,2022-04-18
1650254910.0,1650255100.0,motion,2022-04-18
1650265560.0,1650265580.0,motion,2022-04-18
1650270020.0,1650270090.0,motion,2022-04-18
1650272180.0,1650272200.0,motion,2022-04-18
1650273280.0,1650273290.0,motion,2022-04-18
1650273860.0,1650273880.0,motion,2022-04-18
1650275270.0,1650275350.0,motion,2022-04-18
1650282530.0,1650282540.0,motion,2022-04-18
1650285350.0,1650285360.0,motion,2022-04-18
1650285850.0,1650285990.0,motion,2022-04-18
1650286370.0,1650288460.0,motion,2022-04-18
1650288980.0,1650290260.0,motion,2022-04-18
1650290850.0,1650291280.0,motion,2022-04-18
1650291740.0,1650291840.0,motion,2022-04-18
1650294840.0,1650299040.0,motion,2022-04-18
1650299640.0,1650300050.0,motion,2022-04-18
1650300410.0,1650300520.0,motion,2022-04-18
1650300990.0,1650302020.0,motion,2022-04-18
1650302360.0,1650302940.0,motion,2022-04-18
1650303380.0,1650303500.0,motion,2022-04-18
1650303810.0,1650304680.0,motion,2022-04-18
1650075350.0,1650075370.0,wake,2022-04-16
1650079200.0,1650079290.0,wake,2022-04-16
1650079870.0,1650080430.0,wake,2022-04-16
1650084370.0,1650084390.0,wake,2022-04-16
1650086280.0,1650086390.0,wake,2022-04-16
1650116570.0,1650116910.0,wake,2022-04-16
1650124400.0,1650125080.0,wake,2022-04-16
1650125390.0,1650125770.0,wake,2022-04-16
1650127240.0,1650127340.0,wake,2022-04-16
1650128450.0,1650128480.0,wake,2022-04-16
1650129000.0,1650129080.0,wake,2022-04-16
1650131640.0,1650131650.0,wake,2022-04-16
1650075290.0,1650075360.0,motion,2022-04-16
1650076430.0,1650076450.0,motion,2022-04-16
1650077100.0,1650077130.0,motion,2022-04-16
1650077550.0,1650078120.0,motion,2022-04-16
1650078650.0,1650080400.0,motion,2022-04-16
1650082740.0,1650082760.0,motion,2022-04-16
1650083990.0,1650084570.0,motion,2022-04-16
1650085010.0,1650085050.0,motion,2022-04-16
1650085390.0,1650085720.0,motion,2022-04-16
1650086070.0,1650086380.0,motion,2022-04-16
1650097360.0,1650097370.0,motion,2022-04-16
1650098140.0,1650098160.0,motion,2022-04-16
1650102920.0,1650102930.0,motion,2022-04-16
1650111080.0,1650111270.0,motion,2022-04-16
1650111620.0,1650111660.0,motion,2022-04-16
1650113850.0,1650113880.0,motion,2022-04-16
1650116000.0,1650116910.0,motion,2022-04-16
1650117570.0,1650117590.0,motion,2022-04-16
1650120660.0,1650120860.0,motion,2022-04-16
1650121740.0,1650121770.0,motion,2022-04-16
1650122310.0,1650122520.0,motion,2022-04-16
1650124330.0,1650126070.0,motion,2022-04-16
1650126840.0,1650126850.0,motion,2022-04-16
1650127160.0,1650127330.0,motion,2022-04-16
1650127860.0,1650128020.0,motion,2022-04-16
1650128390.0,1650128520.0,motion,2022-04-16
1650128940.0,1650129080.0,motion,2022-04-16
1650131460.0,1650131780.0,motion,2022-04-16
1650161020.0,1650161570.0,wake,2022-04-17
1650162580.0,1650163800.0,wake,2022-04-17
1650164520.0,1650164780.0,wake,2022-04-17
1650165100.0,1650165760.0,wake,2022-04-17
1650166130.0,1650167000.0,wake,2022-04-17
1650169640.0,1650169980.0,wake,2022-04-17
1650174540.0,1650174880.0,wake,2022-04-17
1650200050.0,1650200470.0,wake,2022-04-17
1650200930.0,1650201250.0,wake,2022-04-17
1650201910.0,1650202020.0,wake,2022-04-17
1650203490.0,1650205480.0,wake,2022-04-17
1650210080.0,1650210380.0,wake,2022-04-17
1650214520.0,1650214530.0,wake,2022-04-17
1650160930.0,1650162070.0,motion,2022-04-17
1650162540.0,1650164740.0,motion,2022-04-17
1650165060.0,1650167030.0,motion,2022-04-17
1650167500.0,1650168390.0,motion,2022-04-17
1650168700.0,1650168740.0,motion,2022-04-17
1650169600.0,1650170040.0,motion,2022-04-17
1650171850.0,1650171860.0,motion,2022-04-17
1650172300.0,1650172440.0,motion,2022-04-17
1650174360.0,1650174880.0,motion,2022-04-17
1650194660.0,1650194680.0,motion,2022-04-17
1650197350.0,1650197370.0,motion,2022-04-17
1650198140.0,1650198150.0,motion,2022-04-17
1650198550.0,1650198560.0,motion,2022-04-17
1650199490.0,1650201410.0,motion,2022-04-17
1650201760.0,1650202470.0,motion,2022-04-17
1650202990.0,1650203010.0,motion,2022-04-17
1650203410.0,1650205480.0,motion,2022-04-17
1650207350.0,1650207360.0,motion,2022-04-17
1650207790.0,1650207800.0,motion,2022-04-17
1650208390.0,1650209200.0,motion,2022-04-17
1650209880.0,1650210380.0,motion,2022-04-17
1650213360.0,1650213620.0,motion,2022-04-17
1650214150.0,1650214620.0,motion,2022-04-17
1650215350.0,1650215360.0,motion,2022-04-17
1650217480.0,1650217500.0,motion,2022-04-17
1650217930.0,1650217970.0,motion,2022-04-17
1649989560.0,1649990340.0,wake,2022-04-15
1649993160.0,1649993170.0,wake,2022-04-15
1649998140.0,1649998490.0,wake,2022-04-15
1650029040.0,1650029070.0,wake,2022-04-15
1650031020.0,1650032000.0,wake,2022-04-15
1650032450.0,1650032480.0,wake,2022-04-15
1650033020.0,1650033580.0,wake,2022-04-15
1650034450.0,1650034500.0,wake,2022-04-15
1650034960.0,1650035040.0,wake,2022-04-15
1650035620.0,1650038350.0,wake,2022-04-15
1650039330.0,1650039530.0,wake,2022-04-15
1649989020.0,1649990920.0,motion,2022-04-15
1649991260.0,1649991280.0,motion,2022-04-15
1649992740.0,1649992770.0,motion,2022-04-15
1649993080.0,1649993400.0,motion,2022-04-15
1649996000.0,1649996030.0,motion,2022-04-15
1649996450.0,1649996800.0,motion,2022-04-15
1649997710.0,1649998560.0,motion,2022-04-15
1649999170.0,1649999180.0,motion,2022-04-15
1650013670.0,1650013920.0,motion,2022-04-15
1650016300.0,1650016310.0,motion,2022-04-15
1650019050.0,1650019060.0,motion,2022-04-15
1650020160.0,1650020170.0,motion,2022-04-15
1650022100.0,1650022110.0,motion,2022-04-15
1650025440.0,1650025450.0,motion,2022-04-15
1650028200.0,1650028220.0,motion,2022-04-15
1650028950.0,1650029070.0,motion,2022-04-15
1650029590.0,1650029630.0,motion,2022-04-15
1650030580.0,1650032560.0,motion,2022-04-15
1650032980.0,1650034470.0,motion,2022-04-15
1650034890.0,1650035040.0,motion,2022-04-15
1650035430.0,1650038640.0,motion,2022-04-15
1650039050.0,1650039510.0,motion,2022-04-15
1650039990.0,1650040010.0,motion,2022-04-15
1650041610.0,1650041640.0,motion,2022-04-15
1650042920.0,1650042940.0,motion,2022-04-15
1649901970.0,1649902700.0,wake,2022-04-14
1649903520.0,1649903530.0,wake,2022-04-14
1649903930.0,1649904450.0,wake,2022-04-14
1649904830.0,1649905120.0,wake,2022-04-14
1649905580.0,1649905590.0,wake,2022-04-14
1649906350.0,1649906370.0,wake,2022-04-14
1649907370.0,1649907420.0,wake,2022-04-14
1649907760.0,1649907970.0,wake,2022-04-14
1649908330.0,1649908390.0,wake,2022-04-14
1649909040.0,1649909850.0,wake,2022-04-14
1649915150.0,1649915470.0,wake,2022-04-14
1649938750.0,1649938840.0,wake,2022-04-14
1649942450.0,1649942810.0,wake,2022-04-14
1649943300.0,1649943860.0,wake,2022-04-14
1649944180.0,1649944390.0,wake,2022-04-14
1649944820.0,1649946640.0,wake,2022-04-14
1649947550.0,1649949430.0,wake,2022-04-14
1649950040.0,1649950060.0,wake,2022-04-14
1649950510.0,1649950580.0,wake,2022-04-14
1649952320.0,1649952370.0,wake,2022-04-14
1649952990.0,1649953000.0,wake,2022-04-14
1649954250.0,1649955600.0,wake,2022-04-14
1649901630.0,1649902830.0,motion,2022-04-14
1649903360.0,1649903550.0,motion,2022-04-14
1649903890.0,1649905080.0,motion,2022-04-14
1649905510.0,1649905560.0,motion,2022-04-14
1649906090.0,1649906330.0,motion,2022-04-14
1649906810.0,1649909820.0,motion,2022-04-14
1649915090.0,1649915410.0,motion,2022-04-14
1649935980.0,1649935990.0,motion,2022-04-14
1649937320.0,1649937360.0,motion,2022-04-14
1649938520.0,1649938820.0,motion,2022-04-14
1649939300.0,1649939320.0,motion,2022-04-14
1649939770.0,1649939790.0,motion,2022-04-14
1649942390.0,1649942910.0,motion,2022-04-14
1649943250.0,1649946960.0,motion,2022-04-14
1649947430.0,1649949430.0,motion,2022-04-14
1649949970.0,1649950560.0,motion,2022-04-14
1649951360.0,1649951380.0,motion,2022-04-14
1649951850.0,1649951890.0,motion,2022-04-14
1649952260.0,1649953520.0,motion,2022-04-14
1649954110.0,1649955580.0,motion,2022-04-14
1649817050.0,1649817080.0,wake,2022-04-13
1649820660.0,1649821050.0,wake,2022-04-13
1649852060.0,1649853700.0,wake,2022-04-13
1649854510.0,1649856150.0,wake,2022-04-13
1649856520.0,1649857830.0,wake,2022-04-13
1649860110.0,1649860480.0,wake,2022-04-13
1649862670.0,1649862690.0,wake,2022-04-13
1649863020.0,1649865710.0,wake,2022-04-13
1649866050.0,1649866280.0,wake,2022-04-13
1649868290.0,1649868430.0,wake,2022-04-13
1649869160.0,1649869330.0,wake,2022-04-13
1649871610.0,1649871660.0,wake,2022-04-13
1649815540.0,1649815560.0,motion,2022-04-13
1649815960.0,1649816340.0,motion,2022-04-13
1649816680.0,1649817490.0,motion,2022-04-13
1649818050.0,1649818530.0,motion,2022-04-13
1649819300.0,1649819460.0,motion,2022-04-13
1649819810.0,1649819830.0,motion,2022-04-13
1649820310.0,1649821040.0,motion,2022-04-13
1649821770.0,1649821780.0,motion,2022-04-13
1649823560.0,1649823600.0,motion,2022-04-13
1649824040.0,1649824060.0,motion,2022-04-13
1649838260.0,1649838270.0,motion,2022-04-13
1649839410.0,1649839420.0,motion,2022-04-13
1649843580.0,1649843590.0,motion,2022-04-13
1649848750.0,1649848770.0,motion,2022-04-13
1649850710.0,1649850720.0,motion,2022-04-13
1649851990.0,1649857990.0,motion,2022-04-13
1649858360.0,1649859300.0,motion,2022-04-13
1649859790.0,1649860470.0,motion,2022-04-13
1649860790.0,1649860820.0,motion,2022-04-13
1649861710.0,1649862310.0,motion,2022-04-13
1649862630.0,1649867250.0,motion,2022-04-13
1649867600.0,1649869430.0,motion,2022-04-13
1649869810.0,1649869820.0,motion,2022-04-13
1649870340.0,1649870350.0,motion,2022-04-13
1649871070.0,1649871250.0,motion,2022-04-13
1649871560.0,1649871620.0,motion,2022-04-13
1649872330.0,1649872360.0,motion,2022-04-13
1650342060.0,1650342090.0,wake,2022-04-19
1650345520.0,1650346270.0,wake,2022-04-19
1650370970.0,1650372240.0,wake,2022-04-19
1650373210.0,1650373250.0,wake,2022-04-19
1650387060.0,1650387230.0,wake,2022-04-19
1650387970.0,1650388340.0,wake,2022-04-19
1650390270.0,1650390300.0,wake,2022-04-19
1650390820.0,1650390850.0,wake,2022-04-19
1650335840.0,1650335860.0,motion,2022-04-19
1650336350.0,1650336590.0,motion,2022-04-19
1650337950.0,1650338890.0,motion,2022-04-19
1650339560.0,1650340010.0,motion,2022-04-19
1650340430.0,1650340440.0,motion,2022-04-19
1650341140.0,1650341420.0,motion,2022-04-19
1650342030.0,1650342090.0,motion,2022-04-19
1650342830.0,1650343230.0,motion,2022-04-19
1650344000.0,1650344140.0,motion,2022-04-19
1650344610.0,1650344630.0,motion,2022-04-19
1650344990.0,1650346790.0,motion,2022-04-19
1650363800.0,1650363810.0,motion,2022-04-19
1650365270.0,1650365280.0,motion,2022-04-19
1650370330.0,1650372210.0,motion,2022-04-19
1650372620.0,1650372640.0,motion,2022-04-19
1650373160.0,1650373240.0,motion,2022-04-19
1650373860.0,1650374170.0,motion,2022-04-19
1650374710.0,1650374750.0,motion,2022-04-19
1650375090.0,1650375100.0,motion,2022-04-19
1650376330.0,1650376420.0,motion,2022-04-19
1650377350.0,1650377470.0,motion,2022-04-19
1650379150.0,1650379160.0,motion,2022-04-19
1650381520.0,1650381540.0,motion,2022-04-19
1650382490.0,1650382520.0,motion,2022-04-19
1650386420.0,1650386600.0,motion,2022-04-19
1650386910.0,1650387210.0,motion,2022-04-19
1650387910.0,1650388330.0,motion,2022-04-19
1650388720.0,1650388740.0,motion,2022-04-19
1650389200.0,1650391140.0,motion,2022-04-19
1650248860.0,1650248880.0,wake,2022-04-18
1650250120.0,1650250210.0,wake,2022-04-18
1650251400.0,1650251530.0,wake,2022-04-18
1650254050.0,1650254420.0,wake,2022-04-18
1650254960.0,1650255000.0,wake,2022-04-18
1650286810.0,1650287080.0,wake,2022-04-18
1650287410.0,1650287540.0,wake,2022-04-18
1650295030.0,1650295530.0,wake,2022-04-18
1650296090.0,1650296130.0,wake,2022-04-18
1650296570.0,1650296610.0,wake,2022-04-18
1650296920.0,1650297000.0,wake,2022-04-18
1650297690.0,1650298180.0,wake,2022-04-18
1650298580.0,1650298740.0,wake,2022-04-18
1650299810.0,1650300050.0,wake,2022-04-18
1650301030.0,1650302030.0,wake,2022-04-18
1650248010.0,1650248020.0,motion,2022-04-18
1650248400.0,1650248960.0,motion,2022-04-18
1650249880.0,1650250210.0,motion,2022-04-18
1650251150.0,1650251650.0,motion,2022-04-18
1650252660.0,1650252710.0,motion,2022-04-18
1650253980.0,1650254410.0,motion,2022-04-18
1650254920.0,1650254980.0,motion,2022-04-18
1650265560.0,1650265570.0,motion,2022-04-18
1650270030.0,1650270040.0,motion,2022-04-18
1650273870.0,1650273880.0,motion,2022-04-18
1650275270.0,1650275350.0,motion,2022-04-18
1650282530.0,1650282540.0,motion,2022-04-18
1650285850.0,1650285880.0,motion,2022-04-18
1650286370.0,1650286380.0,motion,2022-04-18
1650286750.0,1650288420.0,motion,2022-04-18
1650289000.0,1650289010.0,motion,2022-04-18
1650289490.0,1650290060.0,motion,2022-04-18
1650291160.0,1650291270.0,motion,2022-04-18
1650291820.0,1650291830.0,motion,2022-04-18
1650294860.0,1650296130.0,motion,2022-04-18
1650296500.0,1650297180.0,motion,2022-04-18
1650297510.0,1650299030.0,motion,2022-04-18
1650299640.0,1650300050.0,motion,2022-04-18
1650300990.0,1650302020.0,motion,2022-04-18
1650302370.0,1650302720.0,motion,2022-04-18
1650303480.0,1650303500.0,motion,2022-04-18
1650303940.0,1650304680.0,motion,2022-04-18
1650079210.0,1650079270.0,wake,2022-04-16
1650080120.0,1650080130.0,wake,2022-04-16
1650086300.0,1650086380.0,wake,2022-04-16
1650116570.0,1650116750.0,wake,2022-04-16
1650124530.0,1650125070.0,wake,2022-04-16
1650125410.0,1650125530.0,wake,2022-04-16
1650127310.0,1650127330.0,wake,2022-04-16
1650129010.0,1650129020.0,wake,2022-04-16
1650075300.0,1650075360.0,motion,2022-04-16
1650076430.0,1650076450.0,motion,2022-04-16
1650077100.0,1650077130.0,motion,2022-04-16
1650077550.0,1650077570.0,motion,2022-04-16
1650079150.0,1650079250.0,motion,2022-04-16
1650079850.0,1650080400.0,motion,2022-04-16
1650084000.0,1650084020.0,motion,2022-04-16
1650084330.0,1650084570.0,motion,2022-04-16
1650085020.0,1650085040.0,motion,2022-04-16
1650085710.0,1650085720.0,motion,2022-04-16
1650086220.0,1650086370.0,motion,2022-04-16
1650098150.0,1650098160.0,motion,2022-04-16
1650102920.0,1650102930.0,motion,2022-04-16
1650111090.0,1650111270.0,motion,2022-04-16
1650111620.0,1650111650.0,motion,2022-04-16
1650113850.0,1650113870.0,motion,2022-04-16
1650116000.0,1650116900.0,motion,2022-04-16
1650117570.0,1650117590.0,motion,2022-04-16
1650120660.0,1650120850.0,motion,2022-04-16
1650121740.0,1650121760.0,motion,2022-04-16
1650122310.0,1650122520.0,motion,2022-04-16
1650124330.0,1650125060.0,motion,2022-04-16
1650125370.0,1650126070.0,motion,2022-04-16
1650127200.0,1650127330.0,motion,2022-04-16
1650127860.0,1650127890.0,motion,2022-04-16
1650128430.0,1650128440.0,motion,2022-04-16
1650128950.0,1650129080.0,motion,2022-04-16
1650131460.0,1650131780.0,motion,2022-04-16
1650161440.0,1650161500.0,wake,2022-04-17
1650162590.0,1650163020.0,wake,2022-04-17
1650163380.0,1650163540.0,wake,2022-04-17
1650165130.0,1650165420.0,wake,2022-04-17
1650166170.0,1650166400.0,wake,2022-04-17
1650169670.0,1650169960.0,wake,2022-04-17
1650174790.0,1650174800.0,wake,2022-04-17
1650200060.0,1650200390.0,wake,2022-04-17
1650200940.0,1650201240.0,wake,2022-04-17
1650201930.0,1650201990.0,wake,2022-04-17
1650203830.0,1650204180.0,wake,2022-04-17
1650204690.0,1650205290.0,wake,2022-04-17
1650210160.0,1650210370.0,wake,2022-04-17
1650160940.0,1650161550.0,motion,2022-04-17
1650161900.0,1650162060.0,motion,2022-04-17
1650162550.0,1650164740.0,motion,2022-04-17
1650165060.0,1650167000.0,motion,2022-04-17
1650167530.0,1650168390.0,motion,2022-04-17
1650168710.0,1650168740.0,motion,2022-04-17
1650169610.0,1650170040.0,motion,2022-04-17
1650172420.0,1650172440.0,motion,2022-04-17
1650174370.0,1650174880.0,motion,2022-04-17
1650198140.0,1650198150.0,motion,2022-04-17
1650198550.0,1650198560.0,motion,2022-04-17
1650199490.0,1650199650.0,motion,2022-04-17
1650199990.0,1650200560.0,motion,2022-04-17
1650200880.0,1650201400.0,motion,2022-04-17
1650201760.0,1650202470.0,motion,2022-04-17
1650203420.0,1650204160.0,motion,2022-04-17
1650204480.0,1650205470.0,motion,2022-04-17
1650208390.0,1650208400.0,motion,2022-04-17
1650208900.0,1650208910.0,motion,2022-04-17
1650209890.0,1650210360.0,motion,2022-04-17
1650213360.0,1650213600.0,motion,2022-04-17
1650214150.0,1650214530.0,motion,2022-04-17
1650217490.0,1650217500.0,motion,2022-04-17
1649989570.0,1649990030.0,wake,2022-04-15
1649998160.0,1649998460.0,wake,2022-04-15
1650029050.0,1650029060.0,wake,2022-04-15
1650031060.0,1650031990.0,wake,2022-04-15
1650032460.0,1650032470.0,wake,2022-04-15
1650033030.0,1650033570.0,wake,2022-04-15
1650034970.0,1650035040.0,wake,2022-04-15
1650035910.0,1650036660.0,wake,2022-04-15
1650037060.0,1650038320.0,wake,2022-04-15
1650039450.0,1650039520.0,wake,2022-04-15
1649989030.0,1649989040.0,motion,2022-04-15
1649989530.0,1649990310.0,motion,2022-04-15
1649992760.0,1649992770.0,motion,2022-04-15
1649993320.0,1649993330.0,motion,2022-04-15
1649996000.0,1649996020.0,motion,2022-04-15
1649996450.0,1649996480.0,motion,2022-04-15
1649997710.0,1649998460.0,motion,2022-04-15
1649999170.0,1649999180.0,motion,2022-04-15
1650013670.0,1650013680.0,motion,2022-04-15
1650019050.0,1650019060.0,motion,2022-04-15
1650022100.0,1650022110.0,motion,2022-04-15
1650028950.0,1650029070.0,motion,2022-04-15
1650029590.0,1650029630.0,motion,2022-04-15
1650030580.0,1650030590.0,motion,2022-04-15
1650030990.0,1650032440.0,motion,2022-04-15
1650032980.0,1650034470.0,motion,2022-04-15
1650034900.0,1650035030.0,motion,2022-04-15
1650035580.0,1650038640.0,motion,2022-04-15
1650039280.0,1650039510.0,motion,2022-04-15
1650040000.0,1650040010.0,motion,2022-04-15
1650041620.0,1650041630.0,motion,2022-04-15
1650042920.0,1650042940.0,motion,2022-04-15
1649902010.0,1649902550.0,wake,2022-04-14
1649903930.0,1649904450.0,wake,2022-04-14
1649904850.0,1649904920.0,wake,2022-04-14
1649909100.0,1649909830.0,wake,2022-04-14
1649915160.0,1649915180.0,wake,2022-04-14
1649938780.0,1649938820.0,wake,2022-04-14
1649942460.0,1649942800.0,wake,2022-04-14
1649943320.0,1649943570.0,wake,2022-04-14
1649944990.0,1649945280.0,wake,2022-04-14
1649945620.0,1649946520.0,wake,2022-04-14
1649947590.0,1649949060.0,wake,2022-04-14
1649950530.0,1649950540.0,wake,2022-04-14
1649952330.0,1649952350.0,wake,2022-04-14
1649954270.0,1649955070.0,wake,2022-04-14
1649955500.0,1649955590.0,wake,2022-04-14
1649901630.0,1649902820.0,motion,2022-04-14
1649903360.0,1649903380.0,motion,2022-04-14
1649903890.0,1649904440.0,motion,2022-04-14
1649904790.0,1649905060.0,motion,2022-04-14
1649905550.0,1649905560.0,motion,2022-04-14
1649906090.0,1649906330.0,motion,2022-04-14
1649907030.0,1649908600.0,motion,2022-04-14
1649909040.0,1649909800.0,motion,2022-04-14
1649915090.0,1649915410.0,motion,2022-04-14
1649935980.0,1649935990.0,motion,2022-04-14
1649937320.0,1649937360.0,motion,2022-04-14
1649938520.0,1649938810.0,motion,2022-04-14
1649939770.0,1649939790.0,motion,2022-04-14
1649942390.0,1649942790.0,motion,2022-04-14
1649943250.0,1649943850.0,motion,2022-04-14
1649944180.0,1649946600.0,motion,2022-04-14
1649946920.0,1649946950.0,motion,2022-04-14
1649947430.0,1649949420.0,motion,2022-04-14
1649949970.0,1649950000.0,motion,2022-04-14
1649950450.0,1649950550.0,motion,2022-04-14
1649951860.0,1649951890.0,motion,2022-04-14
1649952270.0,1649953280.0,motion,2022-04-14
1649954190.0,1649955580.0,motion,2022-04-14
1649820870.0,1649820940.0,wake,2022-04-13
1649852110.0,1649852140.0,wake,2022-04-13
1649852590.0,1649852830.0,wake,2022-04-13
1649853630.0,1649853640.0,wake,2022-04-13
1649854510.0,1649855030.0,wake,2022-04-13
1649855830.0,1649855950.0,wake,2022-04-13
1649856530.0,1649856740.0,wake,2022-04-13
1649857120.0,1649857800.0,wake,2022-04-13
1649860340.0,1649860470.0,wake,2022-04-13
1649863080.0,1649863370.0,wake,2022-04-13
1649864280.0,1649864330.0,wake,2022-04-13
1649864760.0,1649865250.0,wake,2022-04-13
1649866100.0,1649866270.0,wake,2022-04-13
1649869170.0,1649869180.0,wake,2022-04-13
1649815540.0,1649815560.0,motion,2022-04-13
1649815960.0,1649816230.0,motion,2022-04-13
1649816700.0,1649816720.0,motion,2022-04-13
1649817030.0,1649817040.0,motion,2022-04-13
1649818290.0,1649818460.0,motion,2022-04-13
1649819410.0,1649819420.0,motion,2022-04-13
1649820310.0,1649821040.0,motion,2022-04-13
1649823560.0,1649823590.0,motion,2022-04-13
1649824040.0,1649824050.0,motion,2022-04-13
1649838260.0,1649838270.0,motion,2022-04-13
1649848760.0,1649848770.0,motion,2022-04-13
1649852000.0,1649854080.0,motion,2022-04-13
1649854460.0,1649856120.0,motion,2022-04-13
1649856480.0,1649857800.0,motion,2022-04-13
1649858360.0,1649858390.0,motion,2022-04-13
1649859020.0,1649859040.0,motion,2022-04-13
1649860040.0,1649860460.0,motion,2022-04-13
1649860800.0,1649860810.0,motion,2022-04-13
1649862160.0,1649862180.0,motion,2022-04-13
1649862940.0,1649864280.0,motion,2022-04-13
1649864610.0,1649866400.0,motion,2022-04-13
1649867190.0,1649867200.0,motion,2022-04-13
1649867600.0,1649867910.0,motion,2022-04-13
1649868270.0,1649869400.0,motion,2022-04-13
1649870340.0,1649870350.0,motion,2022-04-13
1649871230.0,1649871240.0,motion,2022-04-13
1649871560.0,1649871620.0,motion,2022-04-13
1649872340.0,1649872360.0,motion,2022-04-13
1650345820.0,1650346150.0,wake,2022-04-19
1650371080.0,1650371420.0,wake,2022-04-19
1650372180.0,1650372190.0,wake,2022-04-19
1650387130.0,1650387210.0,wake,2022-04-19
1650387970.0,1650388320.0,wake,2022-04-19
1650336360.0,1650336590.0,motion,2022-04-19
1650337950.0,1650338890.0,motion,2022-04-19
1650339710.0,1650340010.0,motion,2022-04-19
1650341140.0,1650341150.0,motion,2022-04-19
1650342040.0,1650342080.0,motion,2022-04-19
1650343210.0,1650343230.0,motion,2022-04-19
1650344000.0,1650344010.0,motion,2022-04-19
1650344610.0,1650344630.0,motion,2022-04-19
1650345290.0,1650346450.0,motion,2022-04-19
1650346760.0,1650346790.0,motion,2022-04-19
1650363800.0,1650363810.0,motion,2022-04-19
1650365270.0,1650365280.0,motion,2022-04-19
1650370330.0,1650372170.0,motion,2022-04-19
1650372620.0,1650372630.0,motion,2022-04-19
1650373210.0,1650373240.0,motion,2022-04-19
1650373860.0,1650374170.0,motion,2022-04-19
1650374710.0,1650374750.0,motion,2022-04-19
1650376330.0,1650376340.0,motion,2022-04-19
1650377360.0,1650377460.0,motion,2022-04-19
1650381520.0,1650381530.0,motion,2022-04-19
1650382490.0,1650382510.0,motion,2022-04-19
1650386490.0,1650386600.0,motion,2022-04-19
1650386910.0,1650387210.0,motion,2022-04-19
1650387910.0,1650388320.0,motion,2022-04-19
1650388730.0,1650388740.0,motion,2022-04-19
1650389260.0,1650389270.0,motion,2022-04-19
1650389590.0,1650389610.0,motion,2022-04-19
1650390010.0,1650390830.0,motion,2022-04-19
1650251410.0,1650251520.0,wake,2022-04-18
1650254190.0,1650254410.0,wake,2022-04-18
1650254970.0,1650254990.0,wake,2022-04-18
1650286830.0,1650286880.0,wake,2022-04-18
1650287410.0,1650287530.0,wake,2022-04-18
1650295170.0,1650295500.0,wake,2022-04-18
1650297700.0,1650297760.0,wake,2022-04-18
1650299830.0,1650299840.0,wake,2022-04-18
1650301050.0,1650301700.0,wake,2022-04-18
1650248490.0,1650248880.0,motion,2022-04-18
1650249880.0,1650250210.0,motion,2022-04-18
1650251160.0,1650251510.0,motion,2022-04-18
1650252670.0,1650252710.0,motion,2022-04-18
1650253980.0,1650254400.0,motion,2022-04-18
1650254920.0,1650254970.0,motion,2022-04-18
1650265560.0,1650265570.0,motion,2022-04-18
1650270030.0,1650270040.0,motion,2022-04-18
1650285850.0,1650285870.0,motion,2022-04-18
1650286370.0,1650286380.0,motion,2022-04-18
1650286800.0,1650288030.0,motion,2022-04-18
1650288390.0,1650288420.0,motion,2022-04-18
1650289670.0,1650289920.0,motion,2022-04-18
1650291240.0,1650291260.0,motion,2022-04-18
1650294990.0,1650296130.0,motion,2022-04-18
1650296530.0,1650296590.0,motion,2022-04-18
1650296910.0,1650297180.0,motion,2022-04-18
1650297510.0,1650298680.0,motion,2022-04-18
1650299820.0,1650300000.0,motion,2022-04-18
1650301000.0,1650301970.0,motion,2022-04-18
1650302370.0,1650302720.0,motion,2022-04-18
1650303480.0,1650303490.0,motion,2022-04-18
1650303940.0,1650304450.0,motion,2022-04-18
1650079230.0,1650079240.0,wake,2022-04-16
1650086350.0,1650086380.0,wake,2022-04-16
1650116640.0,1650116720.0,wake,2022-04-16
1650124580.0,1650125060.0,wake,2022-04-16
1650125420.0,1650125490.0,wake,2022-04-16
1650127320.0,1650127330.0,wake,2022-04-16
1650075300.0,1650075360.0,motion,2022-04-16
1650076430.0,1650076440.0,motion,2022-04-16
1650077100.0,1650077120.0,motion,2022-04-16
1650077550.0,1650077560.0,motion,2022-04-16
1650079160.0,1650079250.0,motion,2022-04-16
1650079850.0,1650080390.0,motion,2022-04-16
1650084000.0,1650084020.0,motion,2022-04-16
1650084350.0,1650084380.0,motion,2022-04-16
1650085030.0,1650085040.0,motion,2022-04-16
1650086230.0,1650086370.0,motion,2022-04-16
1650102920.0,1650102930.0,motion,2022-04-16
1650111090.0,1650111270.0,motion,2022-04-16
1650111620.0,1650111650.0,motion,2022-04-16
1650113850.0,1650113870.0,motion,2022-04-16
1650116250.0,1650116900.0,motion,2022-04-16
1650120720.0,1650120850.0,motion,2022-04-16
1650121740.0,1650121760.0,motion,2022-04-16
1650122310.0,1650122520.0,motion,2022-04-16
1650124400.0,1650125060.0,motion,2022-04-16
1650125380.0,1650125730.0,motion,2022-04-16
1650127240.0,1650127330.0,motion,2022-04-16
1650127870.0,1650127890.0,motion,2022-04-16
1650128950.0,1650129070.0,motion,2022-04-16
1650131460.0,1650131780.0,motion,2022-04-16
1650162610.0,1650162700.0,wake,2022-04-17
1650165130.0,1650165200.0,wake,2022-04-17
1650166170.0,1650166260.0,wake,2022-04-17
1650169840.0,1650169930.0,wake,2022-04-17
1650200070.0,1650200080.0,wake,2022-04-17
1650200940.0,1650201230.0,wake,2022-04-17
1650203850.0,1650204150.0,wake,2022-04-17
1650205190.0,1650205210.0,wake,2022-04-17
1650210180.0,1650210200.0,wake,2022-04-17
1650161240.0,1650161550.0,motion,2022-04-17
1650161900.0,1650162060.0,motion,2022-04-17
1650162560.0,1650163790.0,motion,2022-04-17
1650164230.0,1650164740.0,motion,2022-04-17
1650165060.0,1650165720.0,motion,2022-04-17
1650166110.0,1650166950.0,motion,2022-04-17
1650167770.0,1650167790.0,motion,2022-04-17
1650168380.0,1650168390.0,motion,2022-04-17
1650168710.0,1650168730.0,motion,2022-04-17
1650169610.0,1650169920.0,motion,2022-04-17
1650174370.0,1650174870.0,motion,2022-04-17
1650199490.0,1650199650.0,motion,2022-04-17
1650199990.0,1650200380.0,motion,2022-04-17
1650200890.0,1650201390.0,motion,2022-04-17
1650201890.0,1650201980.0,motion,2022-04-17
1650202410.0,1650202470.0,motion,2022-04-17
1650203420.0,1650204160.0,motion,2022-04-17
1650204490.0,1650205270.0,motion,2022-04-17
1650210010.0,1650210200.0,motion,2022-04-17
1650213590.0,1650213600.0,motion,2022-04-17
1650214150.0,1650214460.0,motion,2022-04-17
1650217490.0,1650217500.0,motion,2022-04-17
1649989600.0,1649990020.0,wake,2022-04-15
1650031490.0,1650031810.0,wake,2022-04-15
1650035930.0,1650036650.0,wake,2022-04-15
1650037070.0,1650037160.0,wake,2022-04-15
1650037520.0,1650037780.0,wake,2022-04-15
1650038210.0,1650038320.0,wake,2022-04-15
1650039470.0,1650039510.0,wake,2022-04-15
1649989530.0,1649990310.0,motion,2022-04-15
1649997900.0,1649998420.0,motion,2022-04-15
1650029040.0,1650029060.0,motion,2022-04-15
1650029590.0,1650029620.0,motion,2022-04-15
1650031020.0,1650032060.0,motion,2022-04-15
1650032400.0,1650032440.0,motion,2022-04-15
1650032980.0,1650033090.0,motion,2022-04-15
1650033520.0,1650033950.0,motion,2022-04-15
1650034440.0,1650034460.0,motion,2022-04-15
1650034900.0,1650035020.0,motion,2022-04-15
1650035590.0,1650038320.0,motion,2022-04-15
1650039280.0,1650039510.0,motion,2022-04-15
1650042920.0,1650042940.0,motion,2022-04-15
1649902450.0,1649902540.0,wake,2022-04-14
1649903970.0,1649904030.0,wake,2022-04-14
1649904410.0,1649904440.0,wake,2022-04-14
1649909340.0,1649909560.0,wake,2022-04-14
1649915160.0,1649915170.0,wake,2022-04-14
1649942470.0,1649942790.0,wake,2022-04-14
1649944990.0,1649945190.0,wake,2022-04-14
1649945670.0,1649945770.0,wake,2022-04-14
1649946130.0,1649946510.0,wake,2022-04-14
1649947600.0,1649947670.0,wake,2022-04-14
1649948110.0,1649948440.0,wake,2022-04-14
1649954480.0,1649954610.0,wake,2022-04-14
1649955000.0,1649955040.0,wake,2022-04-14
1649955550.0,1649955580.0,wake,2022-04-14
1649901770.0,1649902490.0,motion,2022-04-14
1649903360.0,1649903380.0,motion,2022-04-14
1649903920.0,1649904430.0,motion,2022-04-14
1649904830.0,1649904860.0,motion,2022-04-14
1649906300.0,1649906330.0,motion,2022-04-14
1649907040.0,1649907960.0,motion,2022-04-14
1649908280.0,1649908300.0,motion,2022-04-14
1649909100.0,1649909780.0,motion,2022-04-14
1649915090.0,1649915180.0,motion,2022-04-14
1649937330.0,1649937350.0,motion,2022-04-14
1649938750.0,1649938800.0,motion,2022-04-14
1649939780.0,1649939790.0,motion,2022-04-14
1649942400.0,1649942780.0,motion,2022-04-14
1649943300.0,1649943840.0,motion,2022-04-14
1649944360.0,1649944380.0,motion,2022-04-14
1649944920.0,1649946600.0,motion,2022-04-14
1649946920.0,1649946940.0,motion,2022-04-14
1649947530.0,1649948730.0,motion,2022-04-14
1649949200.0,1649949410.0,motion,2022-04-14
1649949970.0,1649949990.0,motion,2022-04-14
1649950540.0,1649950550.0,motion,2022-04-14
1649951860.0,1649951890.0,motion,2022-04-14
1649952270.0,1649952300.0,motion,2022-04-14
1649952690.0,1649953060.0,motion,2022-04-14
1649954240.0,1649955580.0,motion,2022-04-14
1649852730.0,1649852750.0,wake,2022-04-13
1649854790.0,1649854980.0,wake,2022-04-13
1649855850.0,1649855880.0,wake,2022-04-13
1649856550.0,1649856730.0,wake,2022-04-13
1649860370.0,1649860450.0,wake,2022-04-13
1649865070.0,1649865090.0,wake,2022-04-13
1649866100.0,1649866260.0,wake,2022-04-13
1649818290.0,1649818400.0,motion,2022-04-13
1649820860.0,1649821000.0,motion,2022-04-13
1649823560.0,1649823590.0,motion,2022-04-13
1649852110.0,1649852820.0,motion,2022-04-13
1649853470.0,1649853590.0,motion,2022-04-13
1649853930.0,1649854070.0,motion,2022-04-13
1649854500.0,1649854980.0,motion,2022-04-13
1649855800.0,1649856120.0,motion,2022-04-13
1649856490.0,1649856720.0,motion,2022-04-13
1649857080.0,1649857410.0,motion,2022-04-13
1649857780.0,1649857800.0,motion,2022-04-13
1649858360.0,1649858380.0,motion,2022-04-13
1649859030.0,1649859040.0,motion,2022-04-13
1649860300.0,1649860460.0,motion,2022-04-13
1649862170.0,1649862180.0,motion,2022-04-13
1649863020.0,1649863330.0,motion,2022-04-13
1649864250.0,1649864280.0,motion,2022-04-13
1649864620.0,1649866240.0,motion,2022-04-13
1649867720.0,1649867900.0,motion,2022-04-13
1649868270.0,1649868430.0,motion,2022-04-13
1649868800.0,1649869150.0,motion,2022-04-13
1649871230.0,1649871240.0,motion,2022-04-13
1649871570.0,1649871610.0,motion,2022-04-13
1649872340.0,1649872360.0,motion,2022-04-13
1650336390.0,1650336590.0,wake,2022-04-19
1650337930.0,1650338950.0,wake,2022-04-19
1650342050.0,1650342140.0,wake,2022-04-19
1650342780.0,1650342880.0,wake,2022-04-19
1650345280.0,1650346810.0,wake,2022-04-19
1650370370.0,1650372260.0,wake,2022-04-19
1650372680.0,1650372710.0,wake,2022-04-19
1650373150.0,1650373290.0,wake,2022-04-19
1650374730.0,1650374800.0,wake,2022-04-19
1650376400.0,1650376500.0,wake,2022-04-19
1650377340.0,1650377490.0,wake,2022-04-19
1650382530.0,1650382570.0,wake,2022-04-19
1650386430.0,1650386590.0,wake,2022-04-19
1650387040.0,1650387280.0,wake,2022-04-19
1650387930.0,1650388380.0,wake,2022-04-19
1650389260.0,1650390890.0,wake,2022-04-19
1650333810.0,1650334010.0,motion,2022-04-19
1650335690.0,1650335860.0,motion,2022-04-19
1650336340.0,1650336890.0,motion,2022-04-19
1650337220.0,1650337410.0,motion,2022-04-19
1650337860.0,1650340010.0,motion,2022-04-19
1650340430.0,1650340450.0,motion,2022-04-19
1650340880.0,1650341520.0,motion,2022-04-19
1650341940.0,1650342160.0,motion,2022-04-19
1650342690.0,1650343240.0,motion,2022-04-19
1650343900.0,1650344140.0,motion,2022-04-19
1650344510.0,1650347000.0,motion,2022-04-19
1650357190.0,1650357200.0,motion,2022-04-19
1650362690.0,1650362720.0,motion,2022-04-19
1650363790.0,1650363820.0,motion,2022-04-19
1650365260.0,1650365290.0,motion,2022-04-19
1650367960.0,1650367970.0,motion,2022-04-19
1650368520.0,1650368540.0,motion,2022-04-19
1650370320.0,1650373420.0,motion,2022-04-19
1650373850.0,1650374170.0,motion,2022-04-19
1650374530.0,1650375310.0,motion,2022-04-19
1650375740.0,1650375760.0,motion,2022-04-19
1650376320.0,1650377470.0,motion,2022-04-19
1650378470.0,1650378540.0,motion,2022-04-19
1650379010.0,1650379170.0,motion,2022-04-19
1650379540.0,1650380170.0,motion,2022-04-19
1650381310.0,1650381540.0,motion,2022-04-19
1650382410.0,1650382540.0,motion,2022-04-19
1650383060.0,1650383370.0,motion,2022-04-19
1650384130.0,1650384150.0,motion,2022-04-19
1650384460.0,1650384480.0,motion,2022-04-19
1650385100.0,1650385130.0,motion,2022-04-19
1650385850.0,1650385960.0,motion,2022-04-19
1650386390.0,1650387270.0,motion,2022-04-19
1650387810.0,1650388750.0,motion,2022-04-19
1650389110.0,1650391150.0,motion,2022-04-19
1650248070.0,1650248080.0,wake,2022-04-18
1650248530.0,1650248960.0,wake,2022-04-18
1650249910.0,1650250390.0,wake,2022-04-18
1650251180.0,1650251550.0,wake,2022-04-18
1650252690.0,1650252760.0,wake,2022-04-18
1650254010.0,1650254460.0,wake,2022-04-18
1650254940.0,1650255030.0,wake,2022-04-18
1650275340.0,1650275360.0,wake,2022-04-18
1650285890.0,1650285950.0,wake,2022-04-18
1650286560.0,1650288480.0,wake,2022-04-18
1650289910.0,1650290380.0,wake,2022-04-18
1650290910.0,1650291320.0,wake,2022-04-18
1650291880.0,1650291900.0,wake,2022-04-18
1650294880.0,1650299080.0,wake,2022-04-18
1650299660.0,1650300070.0,wake,2022-04-18
1650300980.0,1650302040.0,wake,2022-04-18
1650302440.0,1650302520.0,wake,2022-04-18
1650303490.0,1650303500.0,wake,2022-04-18
1650303980.0,1650304150.0,wake,2022-04-18
1650304690.0,1650304720.0,wake,2022-04-18
1650247360.0,1650247370.0,motion,2022-04-18
1650247860.0,1650249250.0,motion,2022-04-18
1650249870.0,1650250360.0,motion,2022-04-18
1650251140.0,1650251650.0,motion,2022-04-18
1650252030.0,1650252270.0,motion,2022-04-18
1650252660.0,1650252720.0,motion,2022-04-18
1650253510.0,1650253530.0,motion,2022-04-18
1650253970.0,1650254410.0,motion,2022-04-18
1650254900.0,1650255120.0,motion,2022-04-18
1650264760.0,1650264780.0,motion,2022-04-18
1650265550.0,1650265840.0,motion,2022-04-18
1650268760.0,1650268780.0,motion,2022-04-18
1650270020.0,1650270090.0,motion,2022-04-18
1650272180.0,1650272200.0,motion,2022-04-18
1650273260.0,1650273290.0,motion,2022-04-18
1650273860.0,1650273890.0,motion,2022-04-18
1650275260.0,1650275360.0,motion,2022-04-18
1650280860.0,1650280880.0,motion,2022-04-18
1650282520.0,1650282550.0,motion,2022-04-18
1650285850.0,1650285990.0,motion,2022-04-18
1650286360.0,1650289030.0,motion,2022-04-18
1650289380.0,1650290390.0,motion,2022-04-18
1650290840.0,1650291360.0,motion,2022-04-18
1650291730.0,1650291850.0,motion,2022-04-18
1650294840.0,1650299040.0,motion,2022-04-18
1650299400.0,1650300050.0,motion,2022-04-18
1650300400.0,1650302020.0,motion,2022-04-18
1650302360.0,1650304700.0,motion,2022-04-18
1650075330.0,1650075390.0,wake,2022-04-16
1650079180.0,1650080450.0,wake,2022-04-16
1650084350.0,1650084420.0,wake,2022-04-16
1650086240.0,1650086430.0,wake,2022-04-16
1650116060.0,1650116920.0,wake,2022-04-16
1650120730.0,1650120900.0,wake,2022-04-16
1650122350.0,1650122400.0,wake,2022-04-16
1650124400.0,1650125800.0,wake,2022-04-16
1650127220.0,1650127390.0,wake,2022-04-16
1650128390.0,1650128520.0,wake,2022-04-16
1650128980.0,1650129110.0,wake,2022-04-16
1650131610.0,1650131660.0,wake,2022-04-16
1650075290.0,1650075610.0,motion,2022-04-16
1650076430.0,1650076450.0,motion,2022-04-16
1650077090.0,1650077130.0,motion,2022-04-16
1650077540.0,1650080410.0,motion,2022-04-16
1650080740.0,1650080750.0,motion,2022-04-16
1650082740.0,1650083000.0,motion,2022-04-16
1650083990.0,1650084570.0,motion,2022-04-16
1650085010.0,1650085050.0,motion,2022-04-16
1650085390.0,1650086380.0,motion,2022-04-16
1650086970.0,1650087030.0,motion,2022-04-16
1650098140.0,1650098160.0,motion,2022-04-16
1650102030.0,1650102050.0,motion,2022-04-16
1650102920.0,1650102940.0,motion,2022-04-16
1650110950.0,1650111270.0,motion,2022-04-16
1650111620.0,1650111660.0,motion,2022-04-16
1650113770.0,1650113880.0,motion,2022-04-16
1650115990.0,1650116910.0,motion,2022-04-16
1650117460.0,1650117590.0,motion,2022-04-16
1650118180.0,1650118190.0,motion,2022-04-16
1650118760.0,1650118780.0,motion,2022-04-16
1650120650.0,1650120870.0,motion,2022-04-16
1650121740.0,1650121770.0,motion,2022-04-16
1650122300.0,1650122620.0,motion,2022-04-16
1650124330.0,1650126080.0,motion,2022-04-16
1650126550.0,1650127510.0,motion,2022-04-16
1650127860.0,1650128030.0,motion,2022-04-16
1650128340.0,1650128520.0,motion,2022-04-16
1650128930.0,1650129090.0,motion,2022-04-16
1650131460.0,1650131790.0,motion,2022-04-16
1650160980.0,1650161980.0,wake,2022-04-17
1650162580.0,1650163820.0,wake,2022-04-17
1650164490.0,1650165770.0,wake,2022-04-17
1650166100.0,1650167040.0,wake,2022-04-17
1650167540.0,1650168430.0,wake,2022-04-17
1650168780.0,1650168790.0,wake,2022-04-17
1650169630.0,1650170000.0,wake,2022-04-17
1650174400.0,1650174910.0,wake,2022-04-17
1650199640.0,1650199650.0,wake,2022-04-17
1650200030.0,1650200580.0,wake,2022-04-17
1650200890.0,1650201280.0,wake,2022-04-17
1650201890.0,1650202070.0,wake,2022-04-17
1650202400.0,1650202540.0,wake,2022-04-17
1650203480.0,1650205500.0,wake,2022-04-17
1650208440.0,1650208470.0,wake,2022-04-17
1650210030.0,1650210420.0,wake,2022-04-17
1650213630.0,1650213660.0,wake,2022-04-17
1650214200.0,1650214620.0,wake,2022-04-17
1650160930.0,1650162070.0,motion,2022-04-17
1650162540.0,1650167040.0,motion,2022-04-17
1650167490.0,1650168940.0,motion,2022-04-17
1650169480.0,1650169980.0,motion,2022-04-17
1650171850.0,1650171860.0,motion,2022-04-17
1650172240.0,1650172450.0,motion,2022-04-17
1650174360.0,1650174890.0,motion,2022-04-17
1650175570.0,1650175580.0,motion,2022-04-17
1650194660.0,1650194680.0,motion,2022-04-17
1650197350.0,1650197370.0,motion,2022-04-17
1650198140.0,1650198570.0,motion,2022-04-17
1650199620.0,1650202480.0,motion,2022-04-17
1650202800.0,1650205480.0,motion,2022-04-17
1650206610.0,1650206660.0,motion,2022-04-17
1650207050.0,1650207370.0,motion,2022-04-17
1650207790.0,1650208050.0,motion,2022-04-17
1650208380.0,1650209200.0,motion,2022-04-17
1650209880.0,1650210380.0,motion,2022-04-17
1650211630.0,1650211640.0,motion,2022-04-17
1650212450.0,1650212460.0,motion,2022-04-17
1650213350.0,1650213620.0,motion,2022-04-17
1650214140.0,1650214840.0,motion,2022-04-17
1650215150.0,1650215470.0,motion,2022-04-17
1650217480.0,1650217500.0,motion,2022-04-17
1650217920.0,1650217970.0,motion,2022-04-17
1649989540.0,1649990770.0,wake,2022-04-15
1649992920.0,1649993390.0,wake,2022-04-15
1649996050.0,1649996080.0,wake,2022-04-15
1649996780.0,1649996850.0,wake,2022-04-15
1649997920.0,1649998500.0,wake,2022-04-15
1650029020.0,1650029090.0,wake,2022-04-15
1650029620.0,1650029670.0,wake,2022-04-15
1650031010.0,1650032500.0,wake,2022-04-15
1650033000.0,1650033610.0,wake,2022-04-15
1650033940.0,1650034520.0,wake,2022-04-15
1650034940.0,1650035080.0,wake,2022-04-15
1650035480.0,1650038480.0,wake,2022-04-15
1650039300.0,1650039560.0,wake,2022-04-15
1650039990.0,1650040010.0,wake,2022-04-15
1649989020.0,1649991290.0,motion,2022-04-15
1649991730.0,1649992070.0,motion,2022-04-15
1649992740.0,1649993440.0,motion,2022-04-15
1649996000.0,1649996070.0,motion,2022-04-15
1649996450.0,1649997130.0,motion,2022-04-15
1649997710.0,1649998560.0,motion,2022-04-15
1649999170.0,1649999180.0,motion,2022-04-15
1650013660.0,1650013920.0,motion,2022-04-15
1650015330.0,1650015350.0,motion,2022-04-15
1650016290.0,1650016310.0,motion,2022-04-15
1650019050.0,1650019060.0,motion,2022-04-15
1650020160.0,1650020180.0,motion,2022-04-15
1650022090.0,1650022120.0,motion,2022-04-15
1650025440.0,1650025450.0,motion,2022-04-15
1650025850.0,1650025860.0,motion,2022-04-15
1650028280.0,1650028530.0,motion,2022-04-15
1650028940.0,1650029070.0,motion,2022-04-15
1650029580.0,1650029640.0,motion,2022-04-15
1650030580.0,1650032640.0,motion,2022-04-15
1650032960.0,1650039520.0,motion,2022-04-15
1650039950.0,1650040010.0,motion,2022-04-15
1650040460.0,1650040480.0,motion,2022-04-15
1650041610.0,1650041640.0,motion,2022-04-15
1650042910.0,1650042940.0,motion,2022-04-15
1649901700.0,1649902870.0,wake,2022-04-14
1649903520.0,1649903530.0,wake,2022-04-14
1649903920.0,1649904480.0,wake,2022-04-14
1649904820.0,1649905150.0,wake,2022-04-14
1649905540.0,1649905670.0,wake,2022-04-14
1649906300.0,1649906370.0,wake,2022-04-14
1649906850.0,1649908450.0,wake,2022-04-14
1649908830.0,1649909870.0,wake,2022-04-14
1649915120.0,1649915480.0,wake,2022-04-14
1649938570.0,1649938850.0,wake,2022-04-14
1649942430.0,1649942850.0,wake,2022-04-14
1649943280.0,1649947000.0,wake,2022-04-14
1649947460.0,1649949480.0,wake,2022-04-14
1649950010.0,1649950070.0,wake,2022-04-14
1649950490.0,1649950600.0,wake,2022-04-14
1649951880.0,1649951950.0,wake,2022-04-14
1649952290.0,1649953300.0,wake,2022-04-14
1649954170.0,1649955620.0,wake,2022-04-14
1649901630.0,1649902840.0,motion,2022-04-14
1649903360.0,1649903540.0,motion,2022-04-14
1649903880.0,1649905640.0,motion,2022-04-14
1649906090.0,1649906330.0,motion,2022-04-14
1649906730.0,1649909840.0,motion,2022-04-14
1649915080.0,1649915470.0,motion,2022-04-14
1649917770.0,1649917790.0,motion,2022-04-14
1649933800.0,1649934000.0,motion,2022-04-14
1649935970.0,1649935990.0,motion,2022-04-14
1649937320.0,1649937360.0,motion,2022-04-14
1649938510.0,1649938830.0,motion,2022-04-14
1649939300.0,1649939320.0,motion,2022-04-14
1649939770.0,1649939800.0,motion,2022-04-14
1649942390.0,1649942910.0,motion,2022-04-14
1649943230.0,1649946970.0,motion,2022-04-14
1649947420.0,1649950580.0,motion,2022-04-14
1649951360.0,1649951380.0,motion,2022-04-14
1649951850.0,1649951900.0,motion,2022-04-14
1649952260.0,1649953520.0,motion,2022-04-14
1649954090.0,1649955580.0,motion,2022-04-14
1649816310.0,1649816380.0,wake,2022-04-13
1649816710.0,1649817110.0,wake,2022-04-13
1649818440.0,1649818530.0,wake,2022-04-13
1649819450.0,1649819510.0,wake,2022-04-13
1649820460.0,1649821090.0,wake,2022-04-13
1649823580.0,1649823640.0,wake,2022-04-13
1649852000.0,1649853750.0,wake,2022-04-13
1649854080.0,1649854170.0,wake,2022-04-13
1649854490.0,1649856160.0,wake,2022-04-13
1649856510.0,1649857850.0,wake,2022-04-13
1649858370.0,1649858400.0,wake,2022-04-13
1649860090.0,1649860510.0,wake,2022-04-13
1649861090.0,1649861110.0,wake,2022-04-13
1649862030.0,1649862240.0,wake,2022-04-13
1649862620.0,1649866670.0,wake,2022-04-13
1649867230.0,1649867280.0,wake,2022-04-13
1649867630.0,1649869460.0,wake,2022-04-13
1649871590.0,1649871680.0,wake,2022-04-13
1649815530.0,1649815560.0,motion,2022-04-13
1649815880.0,1649816370.0,motion,2022-04-13
1649816680.0,1649817630.0,motion,2022-04-13
1649818040.0,1649818540.0,motion,2022-04-13
1649819280.0,1649819470.0,motion,2022-04-13
1649819810.0,1649819840.0,motion,2022-04-13
1649820190.0,1649821050.0,motion,2022-04-13
1649821770.0,1649821880.0,motion,2022-04-13
1649823550.0,1649823610.0,motion,2022-04-13
1649824030.0,1649824060.0,motion,2022-04-13
1649838250.0,1649838270.0,motion,2022-04-13
1649839400.0,1649839460.0,motion,2022-04-13
1649840590.0,1649840610.0,motion,2022-04-13
1649843570.0,1649843590.0,motion,2022-04-13
1649844270.0,1649844290.0,motion,2022-04-13
1649848750.0,1649848770.0,motion,2022-04-13
1649849570.0,1649849590.0,motion,2022-04-13
1649850710.0,1649850730.0,motion,2022-04-13
1649851930.0,1649860470.0,motion,2022-04-13
1649860790.0,1649861100.0,motion,2022-04-13
1649861690.0,1649869440.0,motion,2022-04-13
1649869790.0,1649870360.0,motion,2022-04-13
1649871070.0,1649871670.0,motion,2022-04-13
1649872340.0,1649872470.0,motion,2022-04-13
1650336400.0,1650336430.0,wake,2022-04-19
1650337940.0,1650338010.0,wake,2022-04-19
1650338680.0,1650338710.0,wake,2022-04-19
1650342060.0,1650342110.0,wake,2022-04-19
1650345360.0,1650346800.0,wake,2022-04-19
1650370380.0,1650372250.0,wake,2022-04-19
1650373210.0,1650373260.0,wake,2022-04-19
1650377380.0,1650377480.0,wake,2022-04-19
1650386480.0,1650386520.0,wake,2022-04-19
1650387050.0,1650387270.0,wake,2022-04-19
1650387940.0,1650388370.0,wake,2022-04-19
1650389270.0,1650389280.0,wake,2022-04-19
1650389610.0,1650389620.0,wake,2022-04-19
1650390050.0,1650390880.0,wake,2022-04-19
1650335690.0,1650335860.0,motion,2022-04-19
1650336350.0,1650336590.0,motion,2022-04-19
1650337220.0,1650337240.0,motion,2022-04-19
1650337860.0,1650338950.0,motion,2022-04-19
1650339560.0,1650340010.0,motion,2022-04-19
1650340430.0,1650340450.0,motion,2022-04-19
1650341130.0,1650341440.0,motion,2022-04-19
1650342030.0,1650342090.0,motion,2022-04-19
1650342690.0,1650343230.0,motion,2022-04-19
1650344000.0,1650344140.0,motion,2022-04-19
1650344520.0,1650346800.0,motion,2022-04-19
1650362690.0,1650362720.0,motion,2022-04-19
1650363790.0,1650363810.0,motion,2022-04-19
1650365260.0,1650365290.0,motion,2022-04-19
1650368520.0,1650368540.0,motion,2022-04-19
1650370330.0,1650372210.0,motion,2022-04-19
1650372610.0,1650373250.0,motion,2022-04-19
1650373850.0,1650374170.0,motion,2022-04-19
1650374700.0,1650375310.0,motion,2022-04-19
1650376320.0,1650376430.0,motion,2022-04-19
1650376750.0,1650376760.0,motion,2022-04-19
1650377340.0,1650377470.0,motion,2022-04-19
1650378520.0,1650378540.0,motion,2022-04-19
1650379140.0,1650379160.0,motion,2022-04-19
1650379540.0,1650380170.0,motion,2022-04-19
1650381520.0,1650381540.0,motion,2022-04-19
1650382410.0,1650382520.0,motion,2022-04-19
1650383350.0,1650383370.0,motion,2022-04-19
1650384460.0,1650384480.0,motion,2022-04-19
1650385100.0,1650385120.0,motion,2022-04-19
1650386400.0,1650387220.0,motion,2022-04-19
1650387900.0,1650388330.0,motion,2022-04-19
1650388720.0,1650388750.0,motion,2022-04-19
1650389120.0,1650391150.0,motion,2022-04-19
1650248540.0,1650248900.0,wake,2022-04-18
1650249940.0,1650250240.0,wake,2022-04-18
1650251200.0,1650251540.0,wake,2022-04-18
1650252700.0,1650252740.0,wake,2022-04-18
1650254020.0,1650254450.0,wake,2022-04-18
1650254950.0,1650255020.0,wake,2022-04-18
1650286790.0,1650287600.0,wake,2022-04-18
1650287910.0,1650288090.0,wake,2022-04-18
1650288430.0,1650288470.0,wake,2022-04-18
1650289930.0,1650289940.0,wake,2022-04-18
1650291120.0,1650291290.0,wake,2022-04-18
1650294900.0,1650295530.0,wake,2022-04-18
1650296030.0,1650296150.0,wake,2022-04-18
1650296520.0,1650297210.0,wake,2022-04-18
1650297530.0,1650298740.0,wake,2022-04-18
1650299780.0,1650300070.0,wake,2022-04-18
1650301000.0,1650302030.0,wake,2022-04-18
1650302440.0,1650302470.0,wake,2022-04-18
1650304010.0,1650304130.0,wake,2022-04-18
1650247860.0,1650248020.0,motion,2022-04-18
1650248400.0,1650249250.0,motion,2022-04-18
1650249880.0,1650250340.0,motion,2022-04-18
1650251150.0,1650251650.0,motion,2022-04-18
1650252660.0,1650252710.0,motion,2022-04-18
1650253970.0,1650254410.0,motion,2022-04-18
1650254910.0,1650255100.0,motion,2022-04-18
1650265560.0,1650265580.0,motion,2022-04-18
1650270020.0,1650270090.0,motion,2022-04-18
1650272180.0,1650272200.0,motion,2022-04-18
1650273860.0,1650273890.0,motion,2022-04-18
1650275270.0,1650275350.0,motion,2022-04-18
1650282520.0,1650282540.0,motion,2022-04-18
1650285850.0,1650285990.0,motion,2022-04-18
1650286370.0,1650288460.0,motion,2022-04-18
1650288780.0,1650289010.0,motion,2022-04-18
1650289380.0,1650290270.0,motion,2022-04-18
1650290850.0,1650291280.0,motion,2022-04-18
1650291740.0,1650291840.0,motion,2022-04-18
1650294840.0,1650299040.0,motion,2022-04-18
1650299640.0,1650300050.0,motion,2022-04-18
1650300410.0,1650300520.0,motion,2022-04-18
1650300990.0,1650302020.0,motion,2022-04-18
1650302360.0,1650302720.0,motion,2022-04-18
1650303380.0,1650303500.0,motion,2022-04-18
1650303810.0,1650304680.0,motion,2022-04-18
1650075340.0,1650075380.0,wake,2022-04-16
1650079190.0,1650079290.0,wake,2022-04-16
1650079870.0,1650080440.0,wake,2022-04-16
1650084360.0,1650084400.0,wake,2022-04-16
1650086260.0,1650086410.0,wake,2022-04-16
1650116320.0,1650116910.0,wake,2022-04-16
1650124520.0,1650125080.0,wake,2022-04-16
1650125390.0,1650125780.0,wake,2022-04-16
1650127240.0,1650127360.0,wake,2022-04-16
1650128450.0,1650128480.0,wake,2022-04-16
1650129000.0,1650129090.0,wake,2022-04-16
1650131630.0,1650131660.0,wake,2022-04-16
1650075300.0,1650075360.0,motion,2022-04-16
1650076430.0,1650076450.0,motion,2022-04-16
1650077090.0,1650077130.0,motion,2022-04-16
1650077540.0,1650078120.0,motion,2022-04-16
1650078650.0,1650080410.0,motion,2022-04-16
1650082740.0,1650082760.0,motion,2022-04-16
1650083990.0,1650084570.0,motion,2022-04-16
1650085010.0,1650085050.0,motion,2022-04-16
1650085390.0,1650086380.0,motion,2022-04-16
1650098140.0,1650098160.0,motion,2022-04-16
1650102920.0,1650102940.0,motion,2022-04-16
1650111080.0,1650111270.0,motion,2022-04-16
1650111620.0,1650111660.0,motion,2022-04-16
1650113770.0,1650113880.0,motion,2022-04-16
1650115990.0,1650116910.0,motion,2022-04-16
1650117460.0,1650117590.0,motion,2022-04-16
1650120660.0,1650120860.0,motion,2022-04-16
1650121740.0,1650121770.0,motion,2022-04-16
1650122310.0,1650122520.0,motion,2022-04-16
1650124330.0,1650126070.0,motion,2022-04-16
1650127160.0,1650127340.0,motion,2022-04-16
1650127860.0,1650128020.0,motion,2022-04-16
1650128390.0,1650128520.0,motion,2022-04-16
1650128940.0,1650129080.0,motion,2022-04-16
1650131460.0,1650131780.0,motion,2022-04-16
1650161010.0,1650161590.0,wake,2022-04-17
1650161930.0,1650161980.0,wake,2022-04-17
1650162580.0,1650163800.0,wake,2022-04-17
1650164520.0,1650165760.0,wake,2022-04-17
1650166130.0,1650167020.0,wake,2022-04-17
1650167830.0,1650167850.0,wake,2022-04-17
1650168370.0,1650168420.0,wake,2022-04-17
1650169630.0,1650169980.0,wake,2022-04-17
1650174400.0,1650174890.0,wake,2022-04-17
1650200040.0,1650200510.0,wake,2022-04-17
1650200910.0,1650201260.0,wake,2022-04-17
1650201910.0,1650202050.0,wake,2022-04-17
1650202450.0,1650202500.0,wake,2022-04-17
1650203740.0,1650204210.0,wake,2022-04-17
1650204550.0,1650205470.0,wake,2022-04-17
1650210060.0,1650210390.0,wake,2022-04-17
1650214500.0,1650214540.0,wake,2022-04-17
1650160930.0,1650162070.0,motion,2022-04-17
1650162540.0,1650167030.0,motion,2022-04-17
1650167490.0,1650168740.0,motion,2022-04-17
1650169600.0,1650169970.0,motion,2022-04-17
1650171850.0,1650171860.0,motion,2022-04-17
1650172300.0,1650172440.0,motion,2022-04-17
1650174360.0,1650174880.0,motion,2022-04-17
1650194660.0,1650194680.0,motion,2022-04-17
1650197350.0,1650197370.0,motion,2022-04-17
1650198140.0,1650198150.0,motion,2022-04-17
1650198550.0,1650198560.0,motion,2022-04-17
1650199630.0,1650201410.0,motion,2022-04-17
1650201760.0,1650202480.0,motion,2022-04-17
1650202800.0,1650203010.0,motion,2022-04-17
1650203410.0,1650205470.0,motion,2022-04-17
1650207790.0,1650207800.0,motion,2022-04-17
1650208390.0,1650208410.0,motion,2022-04-17
1650208890.0,1650209200.0,motion,2022-04-17
1650209880.0,1650210380.0,motion,2022-04-17
1650212450.0,1650212460.0,motion,2022-04-17
1650213360.0,1650213620.0,motion,2022-04-17
1650214140.0,1650214620.0,motion,2022-04-17
1650215150.0,1650215360.0,motion,2022-04-17
1650217480.0,1650217500.0,motion,2022-04-17
1650217930.0,1650217970.0,motion,2022-04-17
1649989550.0,1649990340.0,wake,2022-04-15
1649993160.0,1649993170.0,wake,2022-04-15
1649998130.0,1649998480.0,wake,2022-04-15
1650029050.0,1650029070.0,wake,2022-04-15
1650031040.0,1650031990.0,wake,2022-04-15
1650032430.0,1650032490.0,wake,2022-04-15
1650033020.0,1650033600.0,wake,2022-04-15
1650034440.0,1650034470.0,wake,2022-04-15
1650034950.0,1650035070.0,wake,2022-04-15
1650035640.0,1650038370.0,wake,2022-04-15
1650039440.0,1650039540.0,wake,2022-04-15
1649989020.0,1649989200.0,motion,2022-04-15
1649989520.0,1649990920.0,motion,2022-04-15
1649991260.0,1649991280.0,motion,2022-04-15
1649991810.0,1649991820.0,motion,2022-04-15
1649992740.0,1649992770.0,motion,2022-04-15
1649993080.0,1649993400.0,motion,2022-04-15
1649996000.0,1649996030.0,motion,2022-04-15
1649996450.0,1649996800.0,motion,2022-04-15
1649997710.0,1649998560.0,motion,2022-04-15
1649999170.0,1649999180.0,motion,2022-04-15
1650013660.0,1650013680.0,motion,2022-04-15
1650016290.0,1650016310.0,motion,2022-04-15
1650019050.0,1650019060.0,motion,2022-04-15
1650020160.0,1650020180.0,motion,2022-04-15
1650022100.0,1650022110.0,motion,2022-04-15
1650025440.0,1650025450.0,motion,2022-04-15
1650028520.0,1650028530.0,motion,2022-04-15
1650028950.0,1650029070.0,motion,2022-04-15
1650029590.0,1650029630.0,motion,2022-04-15
1650030580.0,1650032460.0,motion,2022-04-15
1650032980.0,1650034470.0,motion,2022-04-15
1650034890.0,1650035040.0,motion,2022-04-15
1650035450.0,1650038640.0,motion,2022-04-15
1650039060.0,1650039510.0,motion,2022-04-15
1650039990.0,1650040010.0,motion,2022-04-15
1650041610.0,1650041640.0,motion,2022-04-15
1650042910.0,1650042940.0,motion,2022-04-15
1649901970.0,1649902690.0,wake,2022-04-14
1649903930.0,1649904470.0,wake,2022-04-14
1649904830.0,1649905120.0,wake,2022-04-14
1649905580.0,1649905630.0,wake,2022-04-14
1649906350.0,1649906370.0,wake,2022-04-14
1649907360.0,1649907400.0,wake,2022-04-14
1649907760.0,1649907960.0,wake,2022-04-14
1649908330.0,1649908420.0,wake,2022-04-14
1649909030.0,1649909850.0,wake,2022-04-14
1649915120.0,1649915470.0,wake,2022-04-14
1649938760.0,1649938850.0,wake,2022-04-14
1649942440.0,1649942840.0,wake,2022-04-14
1649943300.0,1649944390.0,wake,2022-04-14
1649944970.0,1649946960.0,wake,2022-04-14
1649947520.0,1649949470.0,wake,2022-04-14
1649950510.0,1649950580.0,wake,2022-04-14
1649952310.0,1649952360.0,wake,2022-04-14
1649953100.0,1649953130.0,wake,2022-04-14
1649954240.0,1649955610.0,wake,2022-04-14
1649901630.0,1649902830.0,motion,2022-04-14
1649903360.0,1649903540.0,motion,2022-04-14
1649903890.0,1649905080.0,motion,2022-04-14
1649905510.0,1649905600.0,motion,2022-04-14
1649906090.0,1649906330.0,motion,2022-04-14
1649906810.0,1649909800.0,motion,2022-04-14
1649915080.0,1649915410.0,motion,2022-04-14
1649933990.0,1649934000.0,motion,2022-04-14
1649935980.0,1649935990.0,motion,2022-04-14
1649937320.0,1649937360.0,motion,2022-04-14
1649938510.0,1649938820.0,motion,2022-04-14
1649939300.0,1649939320.0,motion,2022-04-14
1649939770.0,1649939790.0,motion,2022-04-14
1649942390.0,1649942800.0,motion,2022-04-14
1649943250.0,1649946960.0,motion,2022-04-14
1649947430.0,1649949430.0,motion,2022-04-14
1649949970.0,1649950000.0,motion,2022-04-14
1649950440.0,1649950560.0,motion,2022-04-14
1649951360.0,1649951380.0,motion,2022-04-14
1649951850.0,1649951900.0,motion,2022-04-14
1649952260.0,1649953520.0,motion,2022-04-14
1649954110.0,1649955580.0,motion,2022-04-14
1649816350.0,1649816360.0,wake,2022-04-13
1649817050.0,1649817090.0,wake,2022-04-13
1649820660.0,1649821070.0,wake,2022-04-13
1649852050.0,1649853700.0,wake,2022-04-13
1649854500.0,1649856130.0,wake,2022-04-13
1649856520.0,1649857830.0,wake,2022-04-13
1649860100.0,1649860490.0,wake,2022-04-13
1649862670.0,1649862710.0,wake,2022-04-13
1649863020.0,1649863840.0,wake,2022-04-13
1649864230.0,1649865720.0,wake,2022-04-13
1649866040.0,1649866290.0,wake,2022-04-13
1649867260.0,1649867270.0,wake,2022-04-13
1649867640.0,1649867650.0,wake,2022-04-13
1649868290.0,1649868480.0,wake,2022-04-13
1649868810.0,1649868820.0,wake,2022-04-13
1649869160.0,1649869340.0,wake,2022-04-13
1649871600.0,1649871660.0,wake,2022-04-13
1649815540.0,1649815560.0,motion,2022-04-13
1649815960.0,1649816340.0,motion,2022-04-13
1649816680.0,1649817490.0,motion,2022-04-13
1649818050.0,1649818530.0,motion,2022-04-13
1649819300.0,1649819460.0,motion,2022-04-13
1649819810.0,1649819830.0,motion,2022-04-13
1649820300.0,1649821050.0,motion,2022-04-13
1649821770.0,1649821780.0,motion,2022-04-13
1649823550.0,1649823600.0,motion,2022-04-13
1649824030.0,1649824060.0,motion,2022-04-13
1649838250.0,1649838270.0,motion,2022-04-13
1649839410.0,1649839420.0,motion,2022-04-13
1649843570.0,1649843590.0,motion,2022-04-13
1649848750.0,1649848770.0,motion,2022-04-13
1649851990.0,1649857990.0,motion,2022-04-13
1649858350.0,1649859300.0,motion,2022-04-13
1649859790.0,1649860470.0,motion,2022-04-13
1649860790.0,1649860820.0,motion,2022-04-13
1649861700.0,1649862310.0,motion,2022-04-13
1649862630.0,1649867250.0,motion,2022-04-13
1649867600.0,1649869430.0,motion,2022-04-13
1649869810.0,1649869820.0,motion,2022-04-13
1649870340.0,1649870350.0,motion,2022-04-13
1649871230.0,1649871620.0,motion,2022-04-13
1649872340.0,1649872370.0,motion,2022-04-13
1650342070.0,1650342090.0,wake,2022-04-19
1650345510.0,1650346270.0,wake,2022-04-19
1650370940.0,1650371770.0,wake,2022-04-19
1650372150.0,1650372210.0,wake,2022-04-19
1650373220.0,1650373250.0,wake,2022-04-19
1650377400.0,1650377460.0,wake,2022-04-19
1650387060.0,1650387250.0,wake,2022-04-19
1650387960.0,1650388330.0,wake,2022-04-19
1650390270.0,1650390310.0,wake,2022-04-19
1650390820.0,1650390870.0,wake,2022-04-19
1650336350.0,1650336590.0,motion,2022-04-19
1650337950.0,1650338900.0,motion,2022-04-19
1650339710.0,1650340010.0,motion,2022-04-19
1650340430.0,1650340440.0,motion,2022-04-19
1650341130.0,1650341420.0,motion,2022-04-19
1650342030.0,1650342080.0,motion,2022-04-19
1650342690.0,1650343230.0,motion,2022-04-19
1650344000.0,1650344140.0,motion,2022-04-19
1650344610.0,1650344630.0,motion,2022-04-19
1650344990.0,1650346790.0,motion,2022-04-19
1650363800.0,1650363810.0,motion,2022-04-19
1650365260.0,1650365280.0,motion,2022-04-19
1650370330.0,1650372210.0,motion,2022-04-19
1650372620.0,1650372640.0,motion,2022-04-19
1650373160.0,1650373240.0,motion,2022-04-19
1650373860.0,1650374170.0,motion,2022-04-19
1650374700.0,1650374750.0,motion,2022-04-19
1650375090.0,1650375100.0,motion,2022-04-19
1650376320.0,1650376420.0,motion,2022-04-19
1650377350.0,1650377460.0,motion,2022-04-19
1650379150.0,1650379160.0,motion,2022-04-19
1650379860.0,1650379870.0,motion,2022-04-19
1650381520.0,1650381530.0,motion,2022-04-19
1650382490.0,1650382520.0,motion,2022-04-19
1650385100.0,1650385110.0,motion,2022-04-19
1650386420.0,1650387210.0,motion,2022-04-19
1650387910.0,1650388330.0,motion,2022-04-19
1650388730.0,1650388740.0,motion,2022-04-19
1650389200.0,1650391150.0,motion,2022-04-19
1650248740.0,1650248880.0,wake,2022-04-18
1650250120.0,1650250210.0,wake,2022-04-18
1650251410.0,1650251530.0,wake,2022-04-18
1650254030.0,1650254430.0,wake,2022-04-18
1650254960.0,1650255000.0,wake,2022-04-18
1650286810.0,1650286890.0,wake,2022-04-18
1650287400.0,1650287550.0,wake,2022-04-18
1650295030.0,1650295520.0,wake,2022-04-18
1650296070.0,1650296130.0,wake,2022-04-18
1650296560.0,1650296610.0,wake,2022-04-18
1650296920.0,1650297180.0,wake,2022-04-18
1650297690.0,1650298210.0,wake,2022-04-18
1650298580.0,1650298680.0,wake,2022-04-18
1650299810.0,1650300050.0,wake,2022-04-18
1650301030.0,1650301750.0,wake,2022-04-18
1650304100.0,1650304110.0,wake,2022-04-18
1650248010.0,1650248020.0,motion,2022-04-18
1650248490.0,1650248960.0,motion,2022-04-18
1650249880.0,1650250210.0,motion,2022-04-18
1650251150.0,1650251650.0,motion,2022-04-18
1650252660.0,1650252710.0,motion,2022-04-18
1650253970.0,1650254410.0,motion,2022-04-18
1650254920.0,1650254980.0,motion,2022-04-18
1650265560.0,1650265580.0,motion,2022-04-18
1650270020.0,1650270050.0,motion,2022-04-18
1650272180.0,1650272200.0,motion,2022-04-18
1650273870.0,1650273880.0,motion,2022-04-18
1650275270.0,1650275350.0,motion,2022-04-18
1650282530.0,1650282540.0,motion,2022-04-18
1650285850.0,1650285880.0,motion,2022-04-18
1650286370.0,1650286380.0,motion,2022-04-18
1650286750.0,1650288460.0,motion,2022-04-18
1650289000.0,1650289010.0,motion,2022-04-18
1650289490.0,1650290060.0,motion,2022-04-18
1650291160.0,1650291270.0,motion,2022-04-18
1650291820.0,1650291830.0,motion,2022-04-18
1650294860.0,1650296130.0,motion,2022-04-18
1650296500.0,1650297180.0,motion,2022-04-18
1650297510.0,1650299030.0,motion,2022-04-18
1650299640.0,1650300050.0,motion,2022-04-18
1650300990.0,1650302020.0,motion,2022-04-18
1650302370.0,1650302720.0,motion,2022-04-18
1650303480.0,1650303500.0,motion,2022-04-18
1650303940.0,1650304680.0,motion,2022-04-18
1650079210.0,1650079270.0,wake,2022-04-16
1650080110.0,1650080160.0,wake,2022-04-16
1650086280.0,1650086390.0,wake,2022-04-16
1650116570.0,1650116750.0,wake,2022-04-16
1650124560.0,1650125070.0,wake,2022-04-16
1650125400.0,1650125510.0,wake,2022-04-16
1650127310.0,1650127340.0,wake,2022-04-16
1650129010.0,1650129020.0,wake,2022-04-16
1650075300.0,1650075360.0,motion,2022-04-16
1650076430.0,1650076450.0,motion,2022-04-16
1650077100.0,1650077130.0,motion,2022-04-16
1650077550.0,1650077570.0,motion,2022-04-16
1650078000.0,1650078020.0,motion,2022-04-16
1650079150.0,1650079250.0,motion,2022-04-16
1650079850.0,1650080400.0,motion,2022-04-16
1650083990.0,1650084020.0,motion,2022-04-16
1650084330.0,1650084570.0,motion,2022-04-16
1650085020.0,1650085040.0,motion,2022-04-16
1650085470.0,1650085720.0,motion,2022-04-16
1650086220.0,1650086370.0,motion,2022-04-16
1650098140.0,1650098160.0,motion,2022-04-16
1650102920.0,1650102930.0,motion,2022-04-16
1650111080.0,1650111270.0,motion,2022-04-16
1650111620.0,1650111650.0,motion,2022-04-16
1650113850.0,1650113870.0,motion,2022-04-16
1650116000.0,1650116900.0,motion,2022-04-16
1650117570.0,1650117590.0,motion,2022-04-16
1650120660.0,1650120850.0,motion,2022-04-16
1650121740.0,1650121760.0,motion,2022-04-16
1650122310.0,1650122520.0,motion,2022-04-16
1650124330.0,1650125060.0,motion,2022-04-16
1650125370.0,1650126070.0,motion,2022-04-16
1650127200.0,1650127330.0,motion,2022-04-16
1650127860.0,1650127890.0,motion,2022-04-16
1650128430.0,1650128440.0,motion,2022-04-16
1650128950.0,1650129080.0,motion,2022-04-16
1650131460.0,1650131780.0,motion,2022-04-16
1650161440.0,1650161460.0,wake,2022-04-17
1650162590.0,1650163020.0,wake,2022-04-17
1650163380.0,1650163790.0,wake,2022-04-17
1650164750.0,1650164760.0,wake,2022-04-17
1650165100.0,1650165420.0,wake,2022-04-17
1650166160.0,1650166270.0,wake,2022-04-17
1650166810.0,1650166820.0,wake,2022-04-17
1650169640.0,1650169960.0,wake,2022-04-17
1650174550.0,1650174870.0,wake,2022-04-17
1650200070.0,1650200390.0,wake,2022-04-17
1650200930.0,1650201240.0,wake,2022-04-17
1650201980.0,1650201990.0,wake,2022-04-17
1650203820.0,1650204180.0,wake,2022-04-17
1650204690.0,1650205290.0,wake,2022-04-17
1650210150.0,1650210370.0,wake,2022-04-17
1650160940.0,1650161550.0,motion,2022-04-17
1650161900.0,1650162060.0,motion,2022-04-17
1650162550.0,1650164740.0,motion,2022-04-17
1650165060.0,1650165730.0,motion,2022-04-17
1650166110.0,1650167000.0,motion,2022-04-17
1650167530.0,1650168390.0,motion,2022-04-17
1650168710.0,1650168740.0,motion,2022-04-17
1650169600.0,1650169970.0,motion,2022-04-17
1650172420.0,1650172440.0,motion,2022-04-17
1650174360.0,1650174880.0,motion,2022-04-17
1650194660.0,1650194680.0,motion,2022-04-17
1650197350.0,1650197370.0,motion,2022-04-17
1650198140.0,1650198150.0,motion,2022-04-17
1650198550.0,1650198560.0,motion,2022-04-17
1650199630.0,1650199650.0,motion,2022-04-17
1650199990.0,1650200560.0,motion,2022-04-17
1650200880.0,1650201400.0,motion,2022-04-17
1650201760.0,1650202470.0,motion,2022-04-17
1650203410.0,1650204160.0,motion,2022-04-17
1650204480.0,1650205470.0,motion,2022-04-17
1650208390.0,1650208400.0,motion,2022-04-17
1650208890.0,1650208910.0,motion,2022-04-17
1650209880.0,1650210360.0,motion,2022-04-17
1650213360.0,1650213600.0,motion,2022-04-17
1650214150.0,1650214530.0,motion,2022-04-17
1650217480.0,1650217500.0,motion,2022-04-17
1649989560.0,1649990040.0,wake,2022-04-15
1649998160.0,1649998460.0,wake,2022-04-15
1650031060.0,1650031820.0,wake,2022-04-15
1650032460.0,1650032470.0,wake,2022-04-15
1650033070.0,1650033080.0,wake,2022-04-15
1650033540.0,1650033570.0,wake,2022-04-15
1650034970.0,1650035040.0,wake,2022-04-15
1650035790.0,1650036660.0,wake,2022-04-15
1650037060.0,1650038340.0,wake,2022-04-15
1650039450.0,1650039530.0,wake,2022-04-15
1649989030.0,1649989040.0,motion,2022-04-15
1649989520.0,1649990310.0,motion,2022-04-15
1649992740.0,1649992770.0,motion,2022-04-15
1649993080.0,1649993330.0,motion,2022-04-15
1649996000.0,1649996020.0,motion,2022-04-15
1649996470.0,1649996480.0,motion,2022-04-15
1649997710.0,1649998460.0,motion,2022-04-15
1649999170.0,1649999180.0,motion,2022-04-15
1650013670.0,1650013680.0,motion,2022-04-15
1650019050.0,1650019060.0,motion,2022-04-15
1650022100.0,1650022110.0,motion,2022-04-15
1650025440.0,1650025450.0,motion,2022-04-15
1650028950.0,1650029070.0,motion,2022-04-15
1650029590.0,1650029630.0,motion,2022-04-15
1650030580.0,1650030590.0,motion,2022-04-15
1650030990.0,1650032440.0,motion,2022-04-15
1650032980.0,1650034470.0,motion,2022-04-15
1650034890.0,1650035030.0,motion,2022-04-15
1650035580.0,1650038640.0,motion,2022-04-15
1650039280.0,1650039510.0,motion,2022-04-15
1650040000.0,1650040010.0,motion,2022-04-15
1650041620.0,1650041630.0,motion,2022-04-15
1650042920.0,1650042940.0,motion,2022-04-15
1649902020.0,1649902550.0,wake,2022-04-14
1649903950.0,1649904030.0,wake,2022-04-14
1649904390.0,1649904450.0,wake,2022-04-14
1649904850.0,1649904900.0,wake,2022-04-14
1649909100.0,1649909570.0,wake,2022-04-14
1649915150.0,1649915180.0,wake,2022-04-14
1649938780.0,1649938830.0,wake,2022-04-14
1649942450.0,1649942800.0,wake,2022-04-14
1649943320.0,1649943340.0,wake,2022-04-14
1649943840.0,1649943850.0,wake,2022-04-14
1649944980.0,1649946600.0,wake,2022-04-14
1649947560.0,1649948640.0,wake,2022-04-14
1649949050.0,1649949060.0,wake,2022-04-14
1649952320.0,1649952350.0,wake,2022-04-14
1649954250.0,1649955050.0,wake,2022-04-14
1649955490.0,1649955590.0,wake,2022-04-14
1649901630.0,1649902820.0,motion,2022-04-14
1649903360.0,1649903540.0,motion,2022-04-14
1649903890.0,1649904440.0,motion,2022-04-14
1649904790.0,1649905060.0,motion,2022-04-14
1649905550.0,1649905560.0,motion,2022-04-14
1649906090.0,1649906330.0,motion,2022-04-14
1649907030.0,1649908600.0,motion,2022-04-14
1649909040.0,1649909800.0,motion,2022-04-14
1649915090.0,1649915410.0,motion,2022-04-14
1649935980.0,1649935990.0,motion,2022-04-14
1649937320.0,1649937360.0,motion,2022-04-14
1649938520.0,1649938810.0,motion,2022-04-14
1649939770.0,1649939790.0,motion,2022-04-14
1649942390.0,1649942790.0,motion,2022-04-14
1649943250.0,1649943850.0,motion,2022-04-14
1649944180.0,1649946600.0,motion,2022-04-14
1649946920.0,1649946940.0,motion,2022-04-14
1649947430.0,1649949420.0,motion,2022-04-14
1649949970.0,1649950000.0,motion,2022-04-14
1649950450.0,1649950550.0,motion,2022-04-14
1649951860.0,1649951890.0,motion,2022-04-14
1649952270.0,1649953280.0,motion,2022-04-14
1649954190.0,1649955580.0,motion,2022-04-14
1649820870.0,1649820940.0,wake,2022-04-13
1649852110.0,1649852140.0,wake,2022-04-13
1649852590.0,1649852830.0,wake,2022-04-13
1649853630.0,1649853640.0,wake,2022-04-13
1649854510.0,1649855030.0,wake,2022-04-13
1649855830.0,1649856110.0,wake,2022-04-13
1649856520.0,1649856740.0,wake,2022-04-13
1649857120.0,1649857800.0,wake,2022-04-13
1649860340.0,1649860480.0,wake,2022-04-13
1649863080.0,1649863390.0,wake,2022-04-13
1649864320.0,1649864330.0,wake,2022-04-13
1649864680.0,1649865250.0,wake,2022-04-13
1649866060.0,1649866270.0,wake,2022-04-13
1649869170.0,1649869200.0,wake,2022-04-13
1649815540.0,1649815560.0,motion,2022-04-13
1649815960.0,1649816230.0,motion,2022-04-13
1649816700.0,1649816720.0,motion,2022-04-13
1649817030.0,1649817040.0,motion,2022-04-13
1649818290.0,1649818460.0,motion,2022-04-13
1649819410.0,1649819420.0,motion,2022-04-13
1649820450.0,1649821040.0,motion,2022-04-13
1649823560.0,1649823590.0,motion,2022-04-13
1649838260.0,1649838270.0,motion,2022-04-13
1649848750.0,1649848770.0,motion,2022-04-13
1649852000.0,1649854080.0,motion,2022-04-13
1649854460.0,1649857800.0,motion,2022-04-13
1649858360.0,1649858390.0,motion,2022-04-13
1649859020.0,1649859040.0,motion,2022-04-13
1649860040.0,1649860460.0,motion,2022-04-13
1649860800.0,1649860810.0,motion,2022-04-13
1649862160.0,1649862180.0,motion,2022-04-13
1649862940.0,1649864280.0,motion,2022-04-13
1649864610.0,1649866400.0,motion,2022-04-13
1649867190.0,1649867200.0,motion,2022-04-13
1649867600.0,1649867900.0,motion,2022-04-13
1649868270.0,1649869400.0,motion,2022-04-13
1649870340.0,1649870350.0,motion,2022-04-13
1649871230.0,1649871240.0,motion,2022-04-13
1649871560.0,1649871620.0,motion,2022-04-13
1649872340.0,1649872360.0,motion,2022-04-13
1650345550.0,1650346140.0,wake,2022-04-19
1650371080.0,1650371420.0,wake,2022-04-19
1650372180.0,1650372190.0,wake,2022-04-19
1650387130.0,1650387210.0,wake,2022-04-19
1650387970.0,1650388320.0,wake,2022-04-19
1650390830.0,1650390850.0,wake,2022-04-19
1650336360.0,1650336590.0,motion,2022-04-19
1650337950.0,1650338890.0,motion,2022-04-19
1650339710.0,1650340010.0,motion,2022-04-19
1650341140.0,1650341150.0,motion,2022-04-19
1650342030.0,1650342080.0,motion,2022-04-19
1650343210.0,1650343230.0,motion,2022-04-19
1650344000.0,1650344010.0,motion,2022-04-19
1650344610.0,1650344630.0,motion,2022-04-19
1650345290.0,1650346450.0,motion,2022-04-19
1650346760.0,1650346790.0,motion,2022-04-19
1650363800.0,1650363810.0,motion,2022-04-19
1650365270.0,1650365280.0,motion,2022-04-19
1650370330.0,1650372170.0,motion,2022-04-19
1650372620.0,1650372630.0,motion,2022-04-19
1650373210.0,1650373240.0,motion,2022-04-19
1650373860.0,1650374170.0,motion,2022-04-19
1650374710.0,1650374750.0,motion,2022-04-19
1650377360.0,1650377460.0,motion,2022-04-19
1650381520.0,1650381530.0,motion,2022-04-19
1650382490.0,1650382510.0,motion,2022-04-19
1650386490.0,1650386600.0,motion,2022-04-19
1650386910.0,1650387210.0,motion,2022-04-19
1650387910.0,1650388320.0,motion,2022-04-19
1650388730.0,1650388740.0,motion,2022-04-19
1650389260.0,1650389270.0,motion,2022-04-19
1650389590.0,1650389610.0,motion,2022-04-19
1650390010.0,1650390840.0,motion,2022-04-19
1650251410.0,1650251520.0,wake,2022-04-18
1650254190.0,1650254410.0,wake,2022-04-18
1650254970.0,1650254990.0,wake,2022-04-18
1650286830.0,1650286880.0,wake,2022-04-18
1650287410.0,1650287530.0,wake,2022-04-18
1650295170.0,1650295510.0,wake,2022-04-18
1650297700.0,1650297760.0,wake,2022-04-18
1650298660.0,1650298670.0,wake,2022-04-18
1650299830.0,1650299840.0,wake,2022-04-18
1650301060.0,1650301740.0,wake,2022-04-18
1650248490.0,1650248880.0,motion,2022-04-18
1650249880.0,1650250210.0,motion,2022-04-18
1650251160.0,1650251510.0,motion,2022-04-18
1650252670.0,1650252710.0,motion,2022-04-18
1650253980.0,1650254400.0,motion,2022-04-18
1650254920.0,1650254970.0,motion,2022-04-18
1650265560.0,1650265570.0,motion,2022-04-18
1650270030.0,1650270040.0,motion,2022-04-18
1650285850.0,1650285870.0,motion,2022-04-18
1650286370.0,1650286380.0,motion,2022-04-18
1650286800.0,1650288030.0,motion,2022-04-18
1650288390.0,1650288420.0,motion,2022-04-18
1650289910.0,1650289920.0,motion,2022-04-18
1650291240.0,1650291260.0,motion,2022-04-18
1650294990.0,1650296130.0,motion,2022-04-18
1650296530.0,1650296590.0,motion,2022-04-18
1650296910.0,1650297180.0,motion,2022-04-18
1650297510.0,1650298680.0,motion,2022-04-18
1650299820.0,1650300000.0,motion,2022-04-18
1650301000.0,1650302020.0,motion,2022-04-18
1650302370.0,1650302720.0,motion,2022-04-18
1650303480.0,1650303490.0,motion,2022-04-18
1650303940.0,1650304450.0,motion,2022-04-18
1650079230.0,1650079240.0,wake,2022-04-16
1650086350.0,1650086380.0,wake,2022-04-16
1650116640.0,1650116700.0,wake,2022-04-16
1650124590.0,1650124870.0,wake,2022-04-16
1650125440.0,1650125490.0,wake,2022-04-16
1650127310.0,1650127330.0,wake,2022-04-16
1650075300.0,1650075360.0,motion,2022-04-16
1650076430.0,1650076450.0,motion,2022-04-16
1650077100.0,1650077130.0,motion,2022-04-16
1650077550.0,1650077560.0,motion,2022-04-16
1650079160.0,1650079250.0,motion,2022-04-16
1650079850.0,1650080390.0,motion,2022-04-16
1650084000.0,1650084020.0,motion,2022-04-16
1650084350.0,1650084380.0,motion,2022-04-16
1650085030.0,1650085040.0,motion,2022-04-16
1650086230.0,1650086370.0,motion,2022-04-16
1650102920.0,1650102930.0,motion,2022-04-16
1650111090.0,1650111100.0,motion,2022-04-16
1650111620.0,1650111650.0,motion,2022-04-16
1650113850.0,1650113870.0,motion,2022-04-16
1650116250.0,1650116900.0,motion,2022-04-16
1650117570.0,1650117590.0,motion,2022-04-16
1650120720.0,1650120850.0,motion,2022-04-16
1650121740.0,1650121760.0,motion,2022-04-16
1650122310.0,1650122520.0,motion,2022-04-16
1650124390.0,1650125060.0,motion,2022-04-16
1650125380.0,1650125730.0,motion,2022-04-16
1650127240.0,1650127330.0,motion,2022-04-16
1650127870.0,1650127890.0,motion,2022-04-16
1650128950.0,1650129070.0,motion,2022-04-16
1650131460.0,1650131780.0,motion,2022-04-16
1650162610.0,1650162690.0,wake,2022-04-17
1650165130.0,1650165200.0,wake,2022-04-17
1650166170.0,1650166270.0,wake,2022-04-17
1650169680.0,1650169930.0,wake,2022-04-17
1650200070.0,1650200080.0,wake,2022-04-17
1650200940.0,1650201230.0,wake,2022-04-17
1650203830.0,1650204150.0,wake,2022-04-17
1650210180.0,1650210200.0,wake,2022-04-17
1650161240.0,1650161550.0,motion,2022-04-17
1650161900.0,1650162060.0,motion,2022-04-17
1650162560.0,1650163790.0,motion,2022-04-17
1650164230.0,1650164740.0,motion,2022-04-17
1650165060.0,1650165720.0,motion,2022-04-17
1650166110.0,1650166950.0,motion,2022-04-17
1650167770.0,1650167790.0,motion,2022-04-17
1650168380.0,1650168390.0,motion,2022-04-17
1650168710.0,1650168730.0,motion,2022-04-17
1650169610.0,1650169920.0,motion,2022-04-17
1650174370.0,1650174870.0,motion,2022-04-17
1650198140.0,1650198150.0,motion,2022-04-17
1650199630.0,1650199650.0,motion,2022-04-17
1650199990.0,1650200380.0,motion,2022-04-17
1650200890.0,1650201390.0,motion,2022-04-17
1650201890.0,1650201980.0,motion,2022-04-17
1650202410.0,1650202470.0,motion,2022-04-17
1650203420.0,1650204160.0,motion,2022-04-17
1650204490.0,1650205270.0,motion,2022-04-17
1650210010.0,1650210200.0,motion,2022-04-17
1650213590.0,1650213600.0,motion,2022-04-17
1650214150.0,1650214460.0,motion,2022-04-17
1650217490.0,1650217500.0,motion,2022-04-17
1649989590.0,1649989650.0,wake,2022-04-15
1649989970.0,1649990010.0,wake,2022-04-15
1650031490.0,1650031790.0,wake,2022-04-15
1650035930.0,1650036650.0,wake,2022-04-15
1650037070.0,1650037160.0,wake,2022-04-15
1650037520.0,1650037710.0,wake,2022-04-15
1650038220.0,1650038320.0,wake,2022-04-15
1650039470.0,1650039510.0,wake,2022-04-15
1649989530.0,1649990310.0,motion,2022-04-15
1649997900.0,1649998420.0,motion,2022-04-15
1650019050.0,1650019060.0,motion,2022-04-15
1650029040.0,1650029070.0,motion,2022-04-15
1650029590.0,1650029620.0,motion,2022-04-15
1650031020.0,1650032060.0,motion,2022-04-15
1650032400.0,1650032440.0,motion,2022-04-15
1650032980.0,1650033090.0,motion,2022-04-15
1650033520.0,1650033950.0,motion,2022-04-15
1650034440.0,1650034460.0,motion,2022-04-15
1650034900.0,1650035030.0,motion,2022-04-15
1650035590.0,1650038320.0,motion,2022-04-15
1650039280.0,1650039510.0,motion,2022-04-15
1650042920.0,1650042940.0,motion,2022-04-15
1649902450.0,1649902540.0,wake,2022-04-14
1649903960.0,1649904030.0,wake,2022-04-14
1649904410.0,1649904440.0,wake,2022-04-14
1649909330.0,1649909560.0,wake,2022-04-14
1649915160.0,1649915170.0,wake,2022-04-14
1649942460.0,1649942790.0,wake,2022-04-14
1649944990.0,1649945190.0,wake,2022-04-14
1649945670.0,1649945770.0,wake,2022-04-14
1649946130.0,1649946350.0,wake,2022-04-14
1649947590.0,1649947660.0,wake,2022-04-14
1649948110.0,1649948440.0,wake,2022-04-14
1649954500.0,1649954610.0,wake,2022-04-14
1649955000.0,1649955040.0,wake,2022-04-14
1649955550.0,1649955580.0,wake,2022-04-14
1649901770.0,1649902490.0,motion,2022-04-14
1649903360.0,1649903380.0,motion,2022-04-14
1649903920.0,1649904430.0,motion,2022-04-14
1649904830.0,1649904860.0,motion,2022-04-14
1649906300.0,1649906330.0,motion,2022-04-14
1649907040.0,1649907960.0,motion,2022-04-14
1649908280.0,1649908300.0,motion,2022-04-14
1649909100.0,1649909780.0,motion,2022-04-14
1649915090.0,1649915180.0,motion,2022-04-14
1649935980.0,1649935990.0,motion,2022-04-14
1649937320.0,1649937350.0,motion,2022-04-14
1649938750.0,1649938800.0,motion,2022-04-14
1649939780.0,1649939790.0,motion,2022-04-14
1649942400.0,1649942780.0,motion,2022-04-14
1649943300.0,1649943840.0,motion,2022-04-14
1649944360.0,1649944380.0,motion,2022-04-14
1649944920.0,1649946600.0,motion,2022-04-14
1649946920.0,1649946940.0,motion,2022-04-14
1649947530.0,1649948730.0,motion,2022-04-14
1649949200.0,1649949410.0,motion,2022-04-14
1649949970.0,1649949990.0,motion,2022-04-14
1649950540.0,1649950550.0,motion,2022-04-14
1649951860.0,1649951890.0,motion,2022-04-14
1649952270.0,1649952300.0,motion,2022-04-14
1649952690.0,1649953060.0,motion,2022-04-14
1649954240.0,1649955570.0,motion,2022-04-14
1649852730.0,1649852750.0,wake,2022-04-13
1649854790.0,1649854980.0,wake,2022-04-13
1649855850.0,1649855880.0,wake,2022-04-13
1649856560.0,1649856730.0,wake,2022-04-13
1649860370.0,1649860450.0,wake,2022-04-13
1649866100.0,1649866260.0,wake,2022-04-13
1649818290.0,1649818400.0,motion,2022-04-13
1649820860.0,1649821000.0,motion,2022-04-13
1649823560.0,1649823590.0,motion,2022-04-13
1649852110.0,1649852820.0,motion,2022-04-13
1649853470.0,1649853590.0,motion,2022-04-13
1649853930.0,1649854070.0,motion,2022-04-13
1649854500.0,1649854980.0,motion,2022-04-13
1649855800.0,1649856120.0,motion,2022-04-13
1649856490.0,1649856720.0,motion,2022-04-13
1649857080.0,1649857410.0,motion,2022-04-13
1649857780.0,1649857790.0,motion,2022-04-13
1649858360.0,1649858380.0,motion,2022-04-13
1649859030.0,1649859040.0,motion,2022-04-13
1649860300.0,1649860460.0,motion,2022-04-13
1649862170.0,1649862180.0,motion,2022-04-13
1649863020.0,1649863330.0,motion,2022-04-13
1649864250.0,1649864280.0,motion,2022-04-13
1649864620.0,1649866240.0,motion,2022-04-13
1649867720.0,1649867900.0,motion,2022-04-13
1649868270.0,1649868430.0,motion,2022-04-13
1649868800.0,1649868820.0,motion,2022-04-13
1649869130.0,1649869150.0,motion,2022-04-13
1649871230.0,1649871240.0,motion,2022-04-13
1649871570.0,1649871610.0,motion,2022-04-13
1649872340.0,1649872360.0,motion,2022-04-13
1650346070.0,1650346120.0,wake,2022-04-19
1650387190.0,1650387200.0,wake,2022-04-19
1650387980.0,1650388060.0,wake,2022-04-19
1650337980.0,1650337990.0,motion,2022-04-19
1650338880.0,1650338890.0,motion,2022-04-19
1650341140.0,1650341150.0,motion,2022-04-19
1650342050.0,1650342080.0,motion,2022-04-19
1650343210.0,1650343220.0,motion,2022-04-19
1650345480.0,1650346140.0,motion,2022-04-19
1650346760.0,1650346790.0,motion,2022-04-19
1650365270.0,1650365280.0,motion,2022-04-19
1650370340.0,1650370360.0,motion,2022-04-19
1650370900.0,1650372170.0,motion,2022-04-19
1650373210.0,1650373220.0,motion,2022-04-19
1650373860.0,1650374160.0,motion,2022-04-19
1650374710.0,1650374740.0,motion,2022-04-19
1650377360.0,1650377370.0,motion,2022-04-19
1650382490.0,1650382510.0,motion,2022-04-19
1650386490.0,1650386510.0,motion,2022-04-19
1650386910.0,1650387190.0,motion,2022-04-19
1650387910.0,1650388310.0,motion,2022-04-19
1650388730.0,1650388740.0,motion,2022-04-19
1650390280.0,1650390830.0,motion,2022-04-19
1650251460.0,1650251510.0,wake,2022-04-18
1650254370.0,1650254400.0,wake,2022-04-18
1650301170.0,1650301290.0,wake,2022-04-18
1650301620.0,1650301700.0,wake,2022-04-18
1650248720.0,1650248880.0,motion,2022-04-18
1650249890.0,1650249910.0,motion,2022-04-18
1650251400.0,1650251500.0,motion,2022-04-18
1650252670.0,1650252710.0,motion,2022-04-18
1650253980.0,1650254400.0,motion,2022-04-18
1650254930.0,1650254960.0,motion,2022-04-18
1650265560.0,1650265570.0,motion,2022-04-18
1650285860.0,1650285870.0,motion,2022-04-18
1650286810.0,1650286850.0,motion,2022-04-18
1650287340.0,1650287530.0,motion,2022-04-18
1650287870.0,1650288030.0,motion,2022-04-18
1650291240.0,1650291250.0,motion,2022-04-18
1650295000.0,1650296120.0,motion,2022-04-18
1650296530.0,1650296540.0,motion,2022-04-18
1650296920.0,1650297140.0,motion,2022-04-18
1650297510.0,1650298680.0,motion,2022-04-18
1650299820.0,1650299990.0,motion,2022-04-18
1650301000.0,1650301740.0,motion,2022-04-18
1650302370.0,1650302390.0,motion,2022-04-18
1650304100.0,1650304110.0,motion,2022-04-18
1650124770.0,1650124780.0,wake,2022-04-16
1650125450.0,1650125460.0,wake,2022-04-16
1650075300.0,1650075360.0,motion,2022-04-16
1650076430.0,1650076440.0,motion,2022-04-16
1650077100.0,1650077120.0,motion,2022-04-16
1650080090.0,1650080280.0,motion,2022-04-16
1650084000.0,1650084010.0,motion,2022-04-16
1650084350.0,1650084370.0,motion,2022-04-16
1650086230.0,1650086360.0,motion,2022-04-16
1650111090.0,1650111100.0,motion,2022-04-16
1650111630.0,1650111640.0,motion,2022-04-16
1650113850.0,1650113870.0,motion,2022-04-16
1650116250.0,1650116890.0,motion,2022-04-16
1650121750.0,1650121760.0,motion,2022-04-16
1650124400.0,1650125060.0,motion,2022-04-16
1650125380.0,1650125730.0,motion,2022-04-16
1650127310.0,1650127320.0,motion,2022-04-16
1650162620.0,1650162690.0,wake,2022-04-17
1650166190.0,1650166240.0,wake,2022-04-17
1650169890.0,1650169920.0,wake,2022-04-17
1650200960.0,1650200990.0,wake,2022-04-17
1650203860.0,1650203870.0,wake,2022-04-17
1650161420.0,1650161450.0,motion,2022-04-17
1650161930.0,1650161940.0,motion,2022-04-17
1650162580.0,1650163490.0,motion,2022-04-17
1650164490.0,1650164730.0,motion,2022-04-17
1650165190.0,1650165710.0,motion,2022-04-17
1650166180.0,1650166370.0,motion,2022-04-17
1650166740.0,1650166830.0,motion,2022-04-17
1650168380.0,1650168390.0,motion,2022-04-17
1650168720.0,1650168730.0,motion,2022-04-17
1650169610.0,1650169920.0,motion,2022-04-17
1650174370.0,1650174870.0,motion,2022-04-17
1650199640.0,1650199650.0,motion,2022-04-17
1650200000.0,1650200010.0,motion,2022-04-17
1650200900.0,1650201220.0,motion,2022-04-17
1650201910.0,1650201920.0,motion,2022-04-17
1650203420.0,1650204150.0,motion,2022-04-17
1650204680.0,1650204780.0,motion,2022-04-17
1650205130.0,1650205140.0,motion,2022-04-17
1650210010.0,1650210120.0,motion,2022-04-17
1650031750.0,1650031780.0,wake,2022-04-15
1650035940.0,1650035950.0,wake,2022-04-15
1650036590.0,1650036640.0,wake,2022-04-15
1650037120.0,1650037140.0,wake,2022-04-15
1650037560.0,1650037600.0,wake,2022-04-15
1649989530.0,1649990300.0,motion,2022-04-15
1649998130.0,1649998160.0,motion,2022-04-15
1650029040.0,1650029060.0,motion,2022-04-15
1650029600.0,1650029610.0,motion,2022-04-15
1650031160.0,1650032050.0,motion,2022-04-15
1650032420.0,1650032430.0,motion,2022-04-15
1650033000.0,1650033010.0,motion,2022-04-15
1650033650.0,1650033950.0,motion,2022-04-15
1650034440.0,1650034460.0,motion,2022-04-15
1650034900.0,1650034910.0,motion,2022-04-15
1650035740.0,1650036620.0,motion,2022-04-15
1650037050.0,1650038300.0,motion,2022-04-15
1650039450.0,1650039500.0,motion,2022-04-15
1650042920.0,1650042930.0,motion,2022-04-15
1649902470.0,1649902480.0,wake,2022-04-14
1649909340.0,1649909540.0,wake,2022-04-14
1649942470.0,1649942760.0,wake,2022-04-14
1649945040.0,1649945120.0,wake,2022-04-14
1649947600.0,1649947620.0,wake,2022-04-14
1649954550.0,1649954560.0,wake,2022-04-14
1649955560.0,1649955570.0,wake,2022-04-14
1649902020.0,1649902480.0,motion,2022-04-14
1649903930.0,1649904260.0,motion,2022-04-14
1649904840.0,1649904860.0,motion,2022-04-14
1649906310.0,1649906330.0,motion,2022-04-14
1649907330.0,1649907350.0,motion,2022-04-14
1649909100.0,1649909540.0,motion,2022-04-14
1649915090.0,1649915100.0,motion,2022-04-14
1649937330.0,1649937350.0,motion,2022-04-14
1649938770.0,1649938790.0,motion,2022-04-14
1649942400.0,1649942780.0,motion,2022-04-14
1649943810.0,1649943840.0,motion,2022-04-14
1649944920.0,1649945700.0,motion,2022-04-14
1649946060.0,1649946460.0,motion,2022-04-14
1649946920.0,1649946930.0,motion,2022-04-14
1649947530.0,1649947720.0,motion,2022-04-14
1649948030.0,1649948730.0,motion,2022-04-14
1649949200.0,1649949220.0,motion,2022-04-14
1649949980.0,1649949990.0,motion,2022-04-14
1649951860.0,1649951870.0,motion,2022-04-14
1649952280.0,1649952300.0,motion,2022-04-14
1649952920.0,1649952930.0,motion,2022-04-14
1649954250.0,1649955570.0,motion,2022-04-14
1649820980.0,1649820990.0,motion,2022-04-13
1649823560.0,1649823580.0,motion,2022-04-13
1649852110.0,1649852740.0,motion,2022-04-13
1649853940.0,1649853950.0,motion,2022-04-13
1649854510.0,1649854960.0,motion,2022-04-13
1649855840.0,1649855870.0,motion,2022-04-13
1649856490.0,1649856710.0,motion,2022-04-13
1649857380.0,1649857390.0,motion,2022-04-13
1649858370.0,1649858380.0,motion,2022-04-13
1649860310.0,1649860450.0,motion,2022-04-13
1649863300.0,1649863330.0,motion,2022-04-13
1649864250.0,1649864260.0,motion,2022-04-13
1649864630.0,1649865240.0,motion,2022-04-13
1649866030.0,1649866240.0,motion,2022-04-13
1649867890.0,1649867900.0,motion,2022-04-13
1649868280.0,1649868300.0,motion,2022-04-13
1649871590.0,1649871610.0,motion,2022-04-13
1650337970.0,1650338010.0,wake,2022-04-19
1650342070.0,1650342090.0,wake,2022-04-19
1650345510.0,1650346270.0,wake,2022-04-19
1650370940.0,1650372240.0,wake,2022-04-19
1650373240.0,1650373250.0,wake,2022-04-19
1650377390.0,1650377460.0,wake,2022-04-19
1650386490.0,1650386510.0,wake,2022-04-19
1650387060.0,1650387260.0,wake,2022-04-19
1650387950.0,1650388360.0,wake,2022-04-19
1650390060.0,1650390310.0,wake,2022-04-19
1650390800.0,1650390870.0,wake,2022-04-19
1650335690.0,1650335860.0,motion,2022-04-19
1650336350.0,1650336590.0,motion,2022-04-19
1650337860.0,1650338900.0,motion,2022-04-19
1650339560.0,1650340010.0,motion,2022-04-19
1650340430.0,1650340450.0,motion,2022-04-19
1650341130.0,1650341420.0,motion,2022-04-19
1650342040.0,1650342090.0,motion,2022-04-19
1650342690.0,1650343230.0,motion,2022-04-19
1650344000.0,1650344140.0,motion,2022-04-19
1650344520.0,1650344630.0,motion,2022-04-19
1650345280.0,1650346800.0,motion,2022-04-19
1650362700.0,1650362720.0,motion,2022-04-19
1650363800.0,1650363810.0,motion,2022-04-19
1650365260.0,1650365280.0,motion,2022-04-19
1650368520.0,1650368540.0,motion,2022-04-19
1650370330.0,1650372210.0,motion,2022-04-19
1650372610.0,1650372640.0,motion,2022-04-19
1650373080.0,1650373230.0,motion,2022-04-19
1650373850.0,1650374170.0,motion,2022-04-19
1650374700.0,1650374750.0,motion,2022-04-19
1650375090.0,1650375310.0,motion,2022-04-19
1650376320.0,1650376420.0,motion,2022-04-19
1650377350.0,1650377470.0,motion,2022-04-19
1650378520.0,1650378540.0,motion,2022-04-19
1650379150.0,1650379160.0,motion,2022-04-19
1650379540.0,1650379560.0,motion,2022-04-19
1650380150.0,1650380170.0,motion,2022-04-19
1650381520.0,1650381530.0,motion,2022-04-19
1650382490.0,1650382520.0,motion,2022-04-19
1650385100.0,1650385110.0,motion,2022-04-19
1650386420.0,1650387220.0,motion,2022-04-19
1650387900.0,1650388330.0,motion,2022-04-19
1650388720.0,1650388750.0,motion,2022-04-19
1650389260.0,1650391150.0,motion,2022-04-19
1650248550.0,1650248890.0,wake,2022-04-18
1650250110.0,1650250210.0,wake,2022-04-18
1650251340.0,1650251540.0,wake,2022-04-18
1650254040.0,1650254450.0,wake,2022-04-18
1650254960.0,1650255020.0,wake,2022-04-18
1650286820.0,1650287080.0,wake,2022-04-18
1650287390.0,1650287600.0,wake,2022-04-18
1650288430.0,1650288460.0,wake,2022-04-18
1650291240.0,1650291250.0,wake,2022-04-18
1650295030.0,1650295510.0,wake,2022-04-18
1650296090.0,1650296130.0,wake,2022-04-18
1650296560.0,1650296610.0,wake,2022-04-18
1650296920.0,1650297180.0,wake,2022-04-18
1650297670.0,1650298210.0,wake,2022-04-18
1650298580.0,1650298670.0,wake,2022-04-18
1650299810.0,1650300060.0,wake,2022-04-18
1650301040.0,1650301760.0,wake,2022-04-18
1650304020.0,1650304030.0,wake,2022-04-18
1650247860.0,1650248020.0,motion,2022-04-18
1650248400.0,1650249250.0,motion,2022-04-18
1650249880.0,1650250220.0,motion,2022-04-18
1650251150.0,1650251640.0,motion,2022-04-18
1650252660.0,1650252710.0,motion,2022-04-18
1650253970.0,1650254410.0,motion,2022-04-18
1650254920.0,1650254980.0,motion,2022-04-18
1650265560.0,1650265580.0,motion,2022-04-18
1650270030.0,1650270050.0,motion,2022-04-18
1650272180.0,1650272200.0,motion,2022-04-18
1650273860.0,1650273890.0,motion,2022-04-18
1650275270.0,1650275350.0,motion,2022-04-18
1650282530.0,1650282540.0,motion,2022-04-18
1650285850.0,1650285990.0,motion,2022-04-18
1650286370.0,1650286380.0,motion,2022-04-18
1650286750.0,1650288420.0,motion,2022-04-18
1650289000.0,1650289010.0,motion,2022-04-18
1650289380.0,1650290060.0,motion,2022-04-18
1650291160.0,1650291270.0,motion,2022-04-18
1650291820.0,1650291830.0,motion,2022-04-18
1650294840.0,1650296130.0,motion,2022-04-18
1650296490.0,1650297180.0,motion,2022-04-18
1650297500.0,1650299030.0,motion,2022-04-18
1650299640.0,1650300050.0,motion,2022-04-18
1650300990.0,1650301970.0,motion,2022-04-18
1650302370.0,1650302720.0,motion,2022-04-18
1650303480.0,1650303500.0,motion,2022-04-18
1650303810.0,1650304680.0,motion,2022-04-18
1650079210.0,1650079270.0,wake,2022-04-16
1650080100.0,1650080160.0,wake,2022-04-16
1650084370.0,1650084390.0,wake,2022-04-16
1650086280.0,1650086400.0,wake,2022-04-16
1650116570.0,1650116760.0,wake,2022-04-16
1650124520.0,1650125060.0,wake,2022-04-16
1650125400.0,1650125530.0,wake,2022-04-16
1650127240.0,1650127350.0,wake,2022-04-16
1650129000.0,1650129070.0,wake,2022-04-16
1650075300.0,1650075360.0,motion,2022-04-16
1650076430.0,1650076450.0,motion,2022-04-16
1650077090.0,1650077130.0,motion,2022-04-16
1650077540.0,1650077570.0,motion,2022-04-16
1650078000.0,1650078120.0,motion,2022-04-16
1650078870.0,1650079250.0,motion,2022-04-16
1650079850.0,1650080400.0,motion,2022-04-16
1650083990.0,1650084020.0,motion,2022-04-16
1650084330.0,1650084570.0,motion,2022-04-16
1650085020.0,1650085040.0,motion,2022-04-16
1650085390.0,1650085720.0,motion,2022-04-16
1650086220.0,1650086370.0,motion,2022-04-16
1650098140.0,1650098160.0,motion,2022-04-16
1650102920.0,1650102940.0,motion,2022-04-16
1650111080.0,1650111270.0,motion,2022-04-16
1650111620.0,1650111650.0,motion,2022-04-16
1650113770.0,1650113870.0,motion,2022-04-16
1650116000.0,1650116900.0,motion,2022-04-16
1650117460.0,1650117590.0,motion,2022-04-16
1650120660.0,1650120850.0,motion,2022-04-16
1650121740.0,1650121760.0,motion,2022-04-16
1650122310.0,1650122520.0,motion,2022-04-16
1650124330.0,1650125060.0,motion,2022-04-16
1650125370.0,1650126070.0,motion,2022-04-16
1650127200.0,1650127340.0,motion,2022-04-16
1650127860.0,1650127890.0,motion,2022-04-16
1650128430.0,1650128440.0,motion,2022-04-16
1650128950.0,1650129080.0,motion,2022-04-16
1650131460.0,1650131780.0,motion,2022-04-16
1650161300.0,1650161510.0,wake,2022-04-17
1650161930.0,1650161980.0,wake,2022-04-17
1650162590.0,1650163040.0,wake,2022-04-17
1650163350.0,1650163390.0,wake,2022-04-17
1650163770.0,1650163800.0,wake,2022-04-17
1650164720.0,1650164780.0,wake,2022-04-17
1650165090.0,1650165430.0,wake,2022-04-17
1650166160.0,1650166400.0,wake,2022-04-17
1650166940.0,1650167000.0,wake,2022-04-17
1650168380.0,1650168390.0,wake,2022-04-17
1650169630.0,1650169980.0,wake,2022-04-17
1650174550.0,1650174880.0,wake,2022-04-17
1650200070.0,1650200390.0,wake,2022-04-17
1650200920.0,1650201250.0,wake,2022-04-17
1650201920.0,1650202050.0,wake,2022-04-17
1650203820.0,1650204180.0,wake,2022-04-17
1650204680.0,1650205320.0,wake,2022-04-17
1650210060.0,1650210370.0,wake,2022-04-17
1650160940.0,1650161550.0,motion,2022-04-17
1650161890.0,1650162060.0,motion,2022-04-17
1650162550.0,1650165730.0,motion,2022-04-17
1650166110.0,1650167000.0,motion,2022-04-17
1650167530.0,1650168400.0,motion,2022-04-17
1650168710.0,1650168740.0,motion,2022-04-17
1650169600.0,1650169970.0,motion,2022-04-17
1650172420.0,1650172440.0,motion,2022-04-17
1650174370.0,1650174880.0,motion,2022-04-17
1650194660.0,1650194680.0,motion,2022-04-17
1650197350.0,1650197370.0,motion,2022-04-17
1650198140.0,1650198150.0,motion,2022-04-17
1650198550.0,1650198560.0,motion,2022-04-17
1650199630.0,1650200560.0,motion,2022-04-17
1650200880.0,1650201400.0,motion,2022-04-17
1650201860.0,1650202480.0,motion,2022-04-17
1650203410.0,1650205470.0,motion,2022-04-17
1650208390.0,1650208400.0,motion,2022-04-17
1650208890.0,1650208910.0,motion,2022-04-17
1650209880.0,1650210360.0,motion,2022-04-17
1650213360.0,1650213600.0,motion,2022-04-17
1650214150.0,1650214480.0,motion,2022-04-17
1650217480.0,1650217500.0,motion,2022-04-17
1649989560.0,1649990040.0,wake,2022-04-15
1649998150.0,1649998460.0,wake,2022-04-15
1650031060.0,1650031830.0,wake,2022-04-15
1650032450.0,1650032480.0,wake,2022-04-15
1650033030.0,1650033580.0,wake,2022-04-15
1650034450.0,1650034460.0,wake,2022-04-15
1650034960.0,1650035040.0,wake,2022-04-15
1650035790.0,1650036670.0,wake,2022-04-15
1650037050.0,1650038360.0,wake,2022-04-15
1650039450.0,1650039540.0,wake,2022-04-15
1649989030.0,1649989040.0,motion,2022-04-15
1649989520.0,1649990310.0,motion,2022-04-15
1649991270.0,1649991280.0,motion,2022-04-15
1649992740.0,1649992750.0,motion,2022-04-15
1649993080.0,1649993330.0,motion,2022-04-15
1649996000.0,1649996030.0,motion,2022-04-15
1649996450.0,1649996480.0,motion,2022-04-15
1649997710.0,1649998470.0,motion,2022-04-15
1650013670.0,1650013680.0,motion,2022-04-15
1650022100.0,1650022110.0,motion,2022-04-15
1650025440.0,1650025450.0,motion,2022-04-15
1650028950.0,1650029070.0,motion,2022-04-15
1650029590.0,1650029630.0,motion,2022-04-15
1650030580.0,1650030590.0,motion,2022-04-15
1650031020.0,1650032450.0,motion,2022-04-15
1650032980.0,1650034470.0,motion,2022-04-15
1650034890.0,1650035040.0,motion,2022-04-15
1650035580.0,1650038400.0,motion,2022-04-15
1650039280.0,1650039510.0,motion,2022-04-15
1650039990.0,1650040010.0,motion,2022-04-15
1650041620.0,1650041640.0,motion,2022-04-15
1650042910.0,1650042940.0,motion,2022-04-15
1649902030.0,1649902550.0,wake,2022-04-14
1649903940.0,1649904460.0,wake,2022-04-14
1649904840.0,1649904920.0,wake,2022-04-14
1649908330.0,1649908340.0,wake,2022-04-14
1649909100.0,1649909830.0,wake,2022-04-14
1649915130.0,1649915210.0,wake,2022-04-14
1649938780.0,1649938840.0,wake,2022-04-14
1649942440.0,1649942800.0,wake,2022-04-14
1649943320.0,1649943850.0,wake,2022-04-14
1649944970.0,1649945280.0,wake,2022-04-14
1649945650.0,1649946520.0,wake,2022-04-14
1649947530.0,1649948450.0,wake,2022-04-14
1649949270.0,1649949420.0,wake,2022-04-14
1649950530.0,1649950540.0,wake,2022-04-14
1649952320.0,1649952360.0,wake,2022-04-14
1649954250.0,1649955610.0,wake,2022-04-14
1649901630.0,1649902820.0,motion,2022-04-14
1649903360.0,1649903380.0,motion,2022-04-14
1649903890.0,1649905080.0,motion,2022-04-14
1649905530.0,1649905600.0,motion,2022-04-14
1649906090.0,1649906330.0,motion,2022-04-14
1649906820.0,1649908600.0,motion,2022-04-14
1649909040.0,1649909800.0,motion,2022-04-14
1649915080.0,1649915410.0,motion,2022-04-14
1649937320.0,1649937360.0,motion,2022-04-14
1649938510.0,1649938810.0,motion,2022-04-14
1649939770.0,1649939790.0,motion,2022-04-14
1649942390.0,1649942790.0,motion,2022-04-14
1649943250.0,1649943850.0,motion,2022-04-14
1649944180.0,1649946600.0,motion,2022-04-14
1649946910.0,1649946940.0,motion,2022-04-14
1649947430.0,1649949430.0,motion,2022-04-14
1649949970.0,1649950000.0,motion,2022-04-14
1649950450.0,1649950550.0,motion,2022-04-14
1649951850.0,1649951900.0,motion,2022-04-14
1649952270.0,1649953280.0,motion,2022-04-14
1649954190.0,1649955580.0,motion,2022-04-14
1649820890.0,1649820940.0,wake,2022-04-13
1649852110.0,1649852140.0,wake,2022-04-13
1649852590.0,1649852830.0,wake,2022-04-13
1649853630.0,1649853640.0,wake,2022-04-13
1649854510.0,1649855020.0,wake,2022-04-13
1649855840.0,1649855930.0,wake,2022-04-13
1649856520.0,1649856780.0,wake,2022-04-13
1649857290.0,1649857800.0,wake,2022-04-13
1649860170.0,1649860480.0,wake,2022-04-13
1649863070.0,1649863110.0,wake,2022-04-13
1649864270.0,1649864330.0,wake,2022-04-13
1649864650.0,1649865250.0,wake,2022-04-13
1649866050.0,1649866280.0,wake,2022-04-13
1649871610.0,1649871650.0,wake,2022-04-13
1649815540.0,1649815560.0,motion,2022-04-13
1649815960.0,1649816230.0,motion,2022-04-13
1649816700.0,1649816720.0,motion,2022-04-13
1649817030.0,1649817040.0,motion,2022-04-13
1649818280.0,1649818520.0,motion,2022-04-13
1649820450.0,1649821050.0,motion,2022-04-13
1649823550.0,1649823590.0,motion,2022-04-13
1649824030.0,1649824050.0,motion,2022-04-13
1649838250.0,1649838270.0,motion,2022-04-13
1649843570.0,1649843590.0,motion,2022-04-13
1649848750.0,1649848770.0,motion,2022-04-13
1649852000.0,1649856120.0,motion,2022-04-13
1649856480.0,1649857800.0,motion,2022-04-13
1649858360.0,1649858390.0,motion,2022-04-13
1649859030.0,1649859040.0,motion,2022-04-13
1649860030.0,1649860460.0,motion,2022-04-13
1649860800.0,1649860820.0,motion,2022-04-13
1649862160.0,1649862190.0,motion,2022-04-13
1649862680.0,1649864280.0,motion,2022-04-13
1649864600.0,1649866400.0,motion,2022-04-13
1649867180.0,1649867200.0,motion,2022-04-13
1649867600.0,1649867910.0,motion,2022-04-13
1649868270.0,1649869400.0,motion,2022-04-13
1649870340.0,1649870350.0,motion,2022-04-13
1649871230.0,1649871240.0,motion,2022-04-13
1649871550.0,1649871620.0,motion,2022-04-13
1649872340.0,1649872360.0,motion,2022-04-13
1650345520.0,1650346150.0,wake,2022-04-19
1650371080.0,1650371440.0,wake,2022-04-19
1650372180.0,1650372190.0,wake,2022-04-19
1650387120.0,1650387220.0,wake,2022-04-19
1650387960.0,1650388320.0,wake,2022-04-19
1650390820.0,1650390850.0,wake,2022-04-19
1650336360.0,1650336590.0,motion,2022-04-19
1650337950.0,1650338900.0,motion,2022-04-19
1650339710.0,1650340010.0,motion,2022-04-19
1650341130.0,1650341150.0,motion,2022-04-19
1650342050.0,1650342080.0,motion,2022-04-19
1650343210.0,1650343230.0,motion,2022-04-19
1650344000.0,1650344010.0,motion,2022-04-19
1650344610.0,1650344630.0,motion,2022-04-19
1650345290.0,1650346450.0,motion,2022-04-19
1650346760.0,1650346790.0,motion,2022-04-19
1650363800.0,1650363810.0,motion,2022-04-19
1650365260.0,1650365280.0,motion,2022-04-19
1650370330.0,1650372170.0,motion,2022-04-19
1650372620.0,1650372630.0,motion,2022-04-19
1650373210.0,1650373230.0,motion,2022-04-19
1650373860.0,1650374170.0,motion,2022-04-19
1650374710.0,1650374750.0,motion,2022-04-19
1650376320.0,1650376340.0,motion,2022-04-19
1650377360.0,1650377410.0,motion,2022-04-19
1650381520.0,1650381530.0,motion,2022-04-19
1650382490.0,1650382510.0,motion,2022-04-19
1650386490.0,1650387210.0,motion,2022-04-19
1650387910.0,1650388320.0,motion,2022-04-19
1650388730.0,1650388740.0,motion,2022-04-19
1650389260.0,1650389270.0,motion,2022-04-19
1650389590.0,1650389610.0,motion,2022-04-19
1650390010.0,1650391140.0,motion,2022-04-19
1650251420.0,1650251530.0,wake,2022-04-18
1650254190.0,1650254420.0,wake,2022-04-18
1650286830.0,1650286860.0,wake,2022-04-18
1650287450.0,1650287540.0,wake,2022-04-18
1650295060.0,1650295480.0,wake,2022-04-18
1650297700.0,1650298020.0,wake,2022-04-18
1650298590.0,1650298600.0,wake,2022-04-18
1650299830.0,1650299840.0,wake,2022-04-18
1650301050.0,1650301750.0,wake,2022-04-18
1650248490.0,1650248880.0,motion,2022-04-18
1650249880.0,1650250210.0,motion,2022-04-18
1650251160.0,1650251510.0,motion,2022-04-18
1650252670.0,1650252710.0,motion,2022-04-18
1650253970.0,1650254400.0,motion,2022-04-18
1650254920.0,1650254970.0,motion,2022-04-18
1650265560.0,1650265580.0,motion,2022-04-18
1650270030.0,1650270050.0,motion,2022-04-18
1650272180.0,1650272200.0,motion,2022-04-18
1650285860.0,1650285870.0,motion,2022-04-18
1650286370.0,1650286380.0,motion,2022-04-18
1650286800.0,1650288030.0,motion,2022-04-18
1650288390.0,1650288420.0,motion,2022-04-18
1650289000.0,1650289010.0,motion,2022-04-18
1650289510.0,1650289920.0,motion,2022-04-18
1650291240.0,1650291250.0,motion,2022-04-18
1650294990.0,1650296130.0,motion,2022-04-18
1650296530.0,1650296580.0,motion,2022-04-18
1650296910.0,1650297180.0,motion,2022-04-18
1650297510.0,1650298680.0,motion,2022-04-18
1650299820.0,1650300000.0,motion,2022-04-18
1650300990.0,1650301960.0,motion,2022-04-18
1650302370.0,1650302720.0,motion,2022-04-18
1650303480.0,1650303490.0,motion,2022-04-18
1650303940.0,1650304450.0,motion,2022-04-18
1650079230.0,1650079240.0,wake,2022-04-16
1650086300.0,1650086370.0,wake,2022-04-16
1650116640.0,1650116700.0,wake,2022-04-16
1650124590.0,1650124870.0,wake,2022-04-16
1650125410.0,1650125490.0,wake,2022-04-16
1650075300.0,1650075360.0,motion,2022-04-16
1650076430.0,1650076450.0,motion,2022-04-16
1650077100.0,1650077130.0,motion,2022-04-16
1650077550.0,1650077560.0,motion,2022-04-16
1650078000.0,1650078020.0,motion,2022-04-16
1650079160.0,1650079250.0,motion,2022-04-16
1650079850.0,1650080390.0,motion,2022-04-16
1650083990.0,1650084020.0,motion,2022-04-16
1650084350.0,1650084380.0,motion,2022-04-16
1650085030.0,1650085040.0,motion,2022-04-16
1650085470.0,1650085490.0,motion,2022-04-16
1650086230.0,1650086370.0,motion,2022-04-16
1650098140.0,1650098160.0,motion,2022-04-16
1650111080.0,1650111270.0,motion,2022-04-16
1650111620.0,1650111650.0,motion,2022-04-16
1650113850.0,1650113870.0,motion,2022-04-16
1650116250.0,1650116900.0,motion,2022-04-16
1650117570.0,1650117590.0,motion,2022-04-16
1650120660.0,1650120850.0,motion,2022-04-16
1650121740.0,1650121760.0,motion,2022-04-16
1650122310.0,1650122520.0,motion,2022-04-16
1650124330.0,1650125060.0,motion,2022-04-16
1650125370.0,1650125730.0,motion,2022-04-16
1650127240.0,1650127330.0,motion,2022-04-16
1650127870.0,1650127890.0,motion,2022-04-16
1650128950.0,1650129070.0,motion,2022-04-16
1650131770.0,1650131780.0,motion,2022-04-16
1650162610.0,1650162710.0,wake,2022-04-17
1650165130.0,1650165390.0,wake,2022-04-17
1650166170.0,1650166260.0,wake,2022-04-17
1650169650.0,1650169950.0,wake,2022-04-17
1650174620.0,1650174870.0,wake,2022-04-17
1650200370.0,1650200380.0,wake,2022-04-17
1650200940.0,1650201230.0,wake,2022-04-17
1650203820.0,1650203900.0,wake,2022-04-17
1650204750.0,1650204780.0,wake,2022-04-17
1650205120.0,1650205210.0,wake,2022-04-17
1650210180.0,1650210200.0,wake,2022-04-17
1650161240.0,1650161550.0,motion,2022-04-17
1650161900.0,1650162060.0,motion,2022-04-17
1650162560.0,1650163790.0,motion,2022-04-17
1650164230.0,1650164740.0,motion,2022-04-17
1650165060.0,1650165730.0,motion,2022-04-17
1650166110.0,1650166950.0,motion,2022-04-17
1650167770.0,1650167790.0,motion,2022-04-17
1650168380.0,1650168390.0,motion,2022-04-17
1650168710.0,1650168740.0,motion,2022-04-17
1650169600.0,1650169920.0,motion,2022-04-17
1650174370.0,1650174870.0,motion,2022-04-17
1650194660.0,1650194680.0,motion,2022-04-17
1650199630.0,1650199650.0,motion,2022-04-17
1650199990.0,1650200380.0,motion,2022-04-17
1650200890.0,1650201390.0,motion,2022-04-17
1650201890.0,1650201980.0,motion,2022-04-17
1650202410.0,1650202470.0,motion,2022-04-17
1650203410.0,1650204150.0,motion,2022-04-17
1650204490.0,1650205270.0,motion,2022-04-17
1650208890.0,1650208910.0,motion,2022-04-17
1650209880.0,1650210200.0,motion,2022-04-17
1650213590.0,1650213600.0,motion,2022-04-17
1650214150.0,1650214460.0,motion,2022-04-17
1650217480.0,1650217500.0,motion,2022-04-17
1649989560.0,1649989620.0,wake,2022-04-15
1649989970.0,1649990030.0,wake,2022-04-15
1650031490.0,1650031820.0,wake,2022-04-15
1650035920.0,1650036660.0,wake,2022-04-15
1650037070.0,1650037160.0,wake,2022-04-15
1650037530.0,1650037780.0,wake,2022-04-15
1650038210.0,1650038280.0,wake,2022-04-15
1650039470.0,1650039520.0,wake,2022-04-15
1649989520.0,1649990310.0,motion,2022-04-15
1649992740.0,1649992750.0,motion,2022-04-15
1649993080.0,1649993100.0,motion,2022-04-15
1649997900.0,1649998420.0,motion,2022-04-15
1650025440.0,1650025450.0,motion,2022-04-15
1650029040.0,1650029070.0,motion,2022-04-15
1650029590.0,1650029620.0,motion,2022-04-15
1650030580.0,1650030590.0,motion,2022-04-15
1650031020.0,1650032060.0,motion,2022-04-15
1650032400.0,1650032440.0,motion,2022-04-15
1650032980.0,1650033090.0,motion,2022-04-15
1650033520.0,1650033950.0,motion,2022-04-15
1650034440.0,1650034460.0,motion,2022-04-15
1650034890.0,1650035030.0,motion,2022-04-15
1650035590.0,1650038300.0,motion,2022-04-15
1650039280.0,1650039510.0,motion,2022-04-15
1650042920.0,1650042940.0,motion,2022-04-15
1649902450.0,1649902540.0,wake,2022-04-14
1649903980.0,1649904010.0,wake,2022-04-14
1649904410.0,1649904430.0,wake,2022-04-14
1649904870.0,1649904880.0,wake,2022-04-14
1649909320.0,1649909560.0,wake,2022-04-14
1649915160.0,1649915170.0,wake,2022-04-14
1649938790.0,1649938830.0,wake,2022-04-14
1649942460.0,1649942790.0,wake,2022-04-14
1649944990.0,1649945190.0,wake,2022-04-14
1649945670.0,1649945770.0,wake,2022-04-14
1649946120.0,1649946460.0,wake,2022-04-14
1649947580.0,1649947670.0,wake,2022-04-14
1649948090.0,1649948120.0,wake,2022-04-14
1649948430.0,1649948440.0,wake,2022-04-14
1649954270.0,1649954650.0,wake,2022-04-14
1649955000.0,1649955040.0,wake,2022-04-14
1649955550.0,1649955590.0,wake,2022-04-14
1649901770.0,1649902500.0,motion,2022-04-14
1649903360.0,1649903380.0,motion,2022-04-14
1649903920.0,1649904430.0,motion,2022-04-14
1649904830.0,1649904860.0,motion,2022-04-14
1649906310.0,1649906330.0,motion,2022-04-14
1649907040.0,1649907960.0,motion,2022-04-14
1649908280.0,1649908300.0,motion,2022-04-14
1649909100.0,1649909780.0,motion,2022-04-14
1649915090.0,1649915180.0,motion,2022-04-14
1649937320.0,1649937350.0,motion,2022-04-14
1649938750.0,1649938810.0,motion,2022-04-14
1649939780.0,1649939790.0,motion,2022-04-14
1649942400.0,1649942780.0,motion,2022-04-14
1649943300.0,1649943850.0,motion,2022-04-14
1649944360.0,1649944380.0,motion,2022-04-14
1649944910.0,1649946600.0,motion,2022-04-14
1649946920.0,1649946930.0,motion,2022-04-14
1649947520.0,1649948730.0,motion,2022-04-14
1649949200.0,1649949410.0,motion,2022-04-14
1649949970.0,1649949990.0,motion,2022-04-14
1649950540.0,1649950550.0,motion,2022-04-14
1649951860.0,1649951890.0,motion,2022-04-14
1649952270.0,1649952300.0,motion,2022-04-14
1649952690.0,1649953060.0,motion,2022-04-14
1649954240.0,1649955580.0,motion,2022-04-14
1649852710.0,1649852750.0,wake,2022-04-13
1649854790.0,1649855010.0,wake,2022-04-13
1649855860.0,1649855880.0,wake,2022-04-13
1649856530.0,1649856730.0,wake,2022-04-13
1649857430.0,1649857460.0,wake,2022-04-13
1649860350.0,1649860450.0,wake,2022-04-13
1649864780.0,1649865090.0,wake,2022-04-13
1649866100.0,1649866110.0,wake,2022-04-13
1649818290.0,1649818400.0,motion,2022-04-13
1649820610.0,1649821000.0,motion,2022-04-13
1649823560.0,1649823590.0,motion,2022-04-13
1649852110.0,1649852820.0,motion,2022-04-13
1649853470.0,1649853590.0,motion,2022-04-13
1649853940.0,1649854070.0,motion,2022-04-13
1649854500.0,1649854980.0,motion,2022-04-13
1649855800.0,1649856120.0,motion,2022-04-13
1649856480.0,1649856720.0,motion,2022-04-13
1649857080.0,1649857790.0,motion,2022-04-13
1649858360.0,1649858380.0,motion,2022-04-13
1649859030.0,1649859040.0,motion,2022-04-13
1649860290.0,1649860460.0,motion,2022-04-13
1649862170.0,1649862180.0,motion,2022-04-13
1649863020.0,1649863330.0,motion,2022-04-13
1649864250.0,1649864280.0,motion,2022-04-13
1649864620.0,1649866240.0,motion,2022-04-13
1649867720.0,1649867900.0,motion,2022-04-13
1649868280.0,1649868430.0,motion,2022-04-13
1649868800.0,1649869150.0,motion,2022-04-13
1649871570.0,1649871610.0,motion,2022-04-13
1649872340.0,1649872360.0,motion,2022-04-13
1650346110.0,1650346120.0,wake,2022-04-19
1650387190.0,1650387200.0,wake,2022-04-19
1650387980.0,1650388060.0,wake,2022-04-19
1650337980.0,1650337990.0,motion,2022-04-19
1650338880.0,1650338890.0,motion,2022-04-19
1650341140.0,1650341150.0,motion,2022-04-19
1650342050.0,1650342080.0,motion,2022-04-19
1650343210.0,1650343220.0,motion,2022-04-19
1650345480.0,1650346140.0,motion,2022-04-19
1650346760.0,1650346790.0,motion,2022-04-19
1650365270.0,1650365280.0,motion,2022-04-19
1650370340.0,1650370360.0,motion,2022-04-19
1650370900.0,1650372170.0,motion,2022-04-19
1650373210.0,1650373230.0,motion,2022-04-19
1650373860.0,1650374160.0,motion,2022-04-19
1650374710.0,1650374740.0,motion,2022-04-19
1650377360.0,1650377370.0,motion,2022-04-19
1650381520.0,1650381530.0,motion,2022-04-19
1650382490.0,1650382510.0,motion,2022-04-19
1650386490.0,1650386510.0,motion,2022-04-19
1650386910.0,1650387190.0,motion,2022-04-19
1650387910.0,1650388310.0,motion,2022-04-19
1650388730.0,1650388740.0,motion,2022-04-19
1650390280.0,1650390830.0,motion,2022-04-19
1650251460.0,1650251510.0,wake,2022-04-18
1650254380.0,1650254400.0,wake,2022-04-18
1650301170.0,1650301300.0,wake,2022-04-18
1650301610.0,1650301700.0,wake,2022-04-18
1650248720.0,1650248880.0,motion,2022-04-18
1650249890.0,1650249910.0,motion,2022-04-18
1650251400.0,1650251500.0,motion,2022-04-18
1650252670.0,1650252710.0,motion,2022-04-18
1650254190.0,1650254400.0,motion,2022-04-18
1650254930.0,1650254960.0,motion,2022-04-18
1650265560.0,1650265570.0,motion,2022-04-18
1650285860.0,1650285870.0,motion,2022-04-18
1650286810.0,1650286850.0,motion,2022-04-18
1650287340.0,1650287530.0,motion,2022-04-18
1650287870.0,1650288030.0,motion,2022-04-18
1650291240.0,1650291250.0,motion,2022-04-18
1650295000.0,1650296120.0,motion,2022-04-18
1650296920.0,1650296940.0,motion,2022-04-18
1650297510.0,1650298680.0,motion,2022-04-18
1650299820.0,1650299990.0,motion,2022-04-18
1650301000.0,1650301960.0,motion,2022-04-18
1650302370.0,1650302390.0,motion,2022-04-18
1650304100.0,1650304110.0,motion,2022-04-18
1650125450.0,1650125460.0,wake,2022-04-16
1650075300.0,1650075360.0,motion,2022-04-16
1650076430.0,1650076450.0,motion,2022-04-16
1650077100.0,1650077120.0,motion,2022-04-16
1650080110.0,1650080280.0,motion,2022-04-16
1650084350.0,1650084370.0,motion,2022-04-16
1650086230.0,1650086360.0,motion,2022-04-16
1650111090.0,1650111100.0,motion,2022-04-16
1650111630.0,1650111640.0,motion,2022-04-16
1650113860.0,1650113870.0,motion,2022-04-16
1650116250.0,1650116890.0,motion,2022-04-16
1650117570.0,1650117590.0,motion,2022-04-16
1650121750.0,1650121760.0,motion,2022-04-16
1650124390.0,1650125060.0,motion,2022-04-16
1650125380.0,1650125730.0,motion,2022-04-16
1650127310.0,1650127320.0,motion,2022-04-16
1650162620.0,1650162680.0,wake,2022-04-17
1650166190.0,1650166240.0,wake,2022-04-17
1650169900.0,1650169920.0,wake,2022-04-17
1650200960.0,1650200990.0,wake,2022-04-17
1650161420.0,1650161450.0,motion,2022-04-17
1650161930.0,1650161940.0,motion,2022-04-17
1650162580.0,1650163490.0,motion,2022-04-17
1650164230.0,1650164730.0,motion,2022-04-17
1650165190.0,1650165710.0,motion,2022-04-17
1650166180.0,1650166370.0,motion,2022-04-17
1650166740.0,1650166830.0,motion,2022-04-17
1650168380.0,1650168390.0,motion,2022-04-17
1650168720.0,1650168730.0,motion,2022-04-17
1650169610.0,1650169920.0,motion,2022-04-17
1650174370.0,1650174870.0,motion,2022-04-17
1650199640.0,1650199650.0,motion,2022-04-17
1650200900.0,1650201220.0,motion,2022-04-17
1650201910.0,1650201920.0,motion,2022-04-17
1650203420.0,1650204150.0,motion,2022-04-17
1650204680.0,1650204780.0,motion,2022-04-17
1650205130.0,1650205140.0,motion,2022-04-17
1650210010.0,1650210120.0,motion,2022-04-17
1650036590.0,1650036640.0,wake,2022-04-15
1650037120.0,1650037140.0,wake,2022-04-15
1650037540.0,1650037610.0,wake,2022-04-15
1649989530.0,1649990300.0,motion,2022-04-15
1649998130.0,1649998160.0,motion,2022-04-15
1650029040.0,1650029070.0,motion,2022-04-15
1650029600.0,1650029610.0,motion,2022-04-15
1650031160.0,1650032050.0,motion,2022-04-15
1650032420.0,1650032430.0,motion,2022-04-15
1650033000.0,1650033010.0,motion,2022-04-15
1650033650.0,1650033950.0,motion,2022-04-15
1650034440.0,1650034460.0,motion,2022-04-15
1650034900.0,1650034910.0,motion,2022-04-15
1650035740.0,1650036620.0,motion,2022-04-15
1650037050.0,1650038300.0,motion,2022-04-15
1650039450.0,1650039500.0,motion,2022-04-15
1650042920.0,1650042930.0,motion,2022-04-15
1649909530.0,1649909540.0,wake,2022-04-14
1649942470.0,1649942730.0,wake,2022-04-14
1649945040.0,1649945120.0,wake,2022-04-14
1649945700.0,1649945720.0,wake,2022-04-14
1649947600.0,1649947620.0,wake,2022-04-14
1649954500.0,1649954560.0,wake,2022-04-14
1649955560.0,1649955570.0,wake,2022-04-14
1649902020.0,1649902480.0,motion,2022-04-14
1649903930.0,1649904260.0,motion,2022-04-14
1649904840.0,1649904860.0,motion,2022-04-14
1649906310.0,1649906330.0,motion,2022-04-14
1649907330.0,1649907350.0,motion,2022-04-14
1649909100.0,1649909540.0,motion,2022-04-14
1649915090.0,1649915100.0,motion,2022-04-14
1649937320.0,1649937350.0,motion,2022-04-14
1649938770.0,1649938790.0,motion,2022-04-14
1649942400.0,1649942780.0,motion,2022-04-14
1649943810.0,1649943840.0,motion,2022-04-14
1649944920.0,1649945700.0,motion,2022-04-14
1649946060.0,1649946600.0,motion,2022-04-14
1649946920.0,1649946930.0,motion,2022-04-14
1649947530.0,1649947720.0,motion,2022-04-14
1649948030.0,1649948730.0,motion,2022-04-14
1649949200.0,1649949220.0,motion,2022-04-14
1649949980.0,1649949990.0,motion,2022-04-14
1649951860.0,1649951870.0,motion,2022-04-14
1649952280.0,1649952300.0,motion,2022-04-14
1649952920.0,1649952930.0,motion,2022-04-14
1649954250.0,1649955570.0,motion,2022-04-14
1649820980.0,1649820990.0,motion,2022-04-13
1649823560.0,1649823580.0,motion,2022-04-13
1649852110.0,1649852670.0,motion,2022-04-13
1649853940.0,1649853950.0,motion,2022-04-13
1649854510.0,1649854960.0,motion,2022-04-13
1649855840.0,1649855870.0,motion,2022-04-13
1649856490.0,1649856710.0,motion,2022-04-13
1649857380.0,1649857390.0,motion,2022-04-13
1649858370.0,1649858380.0,motion,2022-04-13
1649860310.0,1649860450.0,motion,2022-04-13
1649863300.0,1649863330.0,motion,2022-04-13
1649864250.0,1649864260.0,motion,2022-04-13
1649864630.0,1649865240.0,motion,2022-04-13
1649866030.0,1649866240.0,motion,2022-04-13
1649867890.0,1649867900.0,motion,2022-04-13
1649868280.0,1649868300.0,motion,2022-04-13
1649871590.0,1649871610.0,motion,2022-04-13
1650345490.0,1650346080.0,motion,2022-04-19
1650346770.0,1650346780.0,motion,2022-04-19
1650370340.0,1650370350.0,motion,2022-04-19
1650371030.0,1650371040.0,motion,2022-04-19
1650371360.0,1650371530.0,motion,2022-04-19
1650374150.0,1650374160.0,motion,2022-04-19
1650382500.0,1650382510.0,motion,2022-04-19
1650386490.0,1650386500.0,motion,2022-04-19
1650387060.0,1650387080.0,motion,2022-04-19
1650387910.0,1650387990.0,motion,2022-04-19
1650390820.0,1650390830.0,motion,2022-04-19
1650301190.0,1650301250.0,wake,2022-04-18
1650301630.0,1650301690.0,wake,2022-04-18
1650248720.0,1650248730.0,motion,2022-04-18
1650251420.0,1650251500.0,motion,2022-04-18
1650252680.0,1650252700.0,motion,2022-04-18
1650254200.0,1650254400.0,motion,2022-04-18
1650254930.0,1650254960.0,motion,2022-04-18
1650286810.0,1650286840.0,motion,2022-04-18
1650287340.0,1650287470.0,motion,2022-04-18
1650295380.0,1650295500.0,motion,2022-04-18
1650296920.0,1650296930.0,motion,2022-04-18
1650298000.0,1650298170.0,motion,2022-04-18
1650298660.0,1650298670.0,motion,2022-04-18
1650299830.0,1650299840.0,motion,2022-04-18
1650301010.0,1650301240.0,motion,2022-04-18
1650301580.0,1650301690.0,motion,2022-04-18
1650302380.0,1650302390.0,motion,2022-04-18
1650077100.0,1650077120.0,motion,2022-04-16
1650080110.0,1650080120.0,motion,2022-04-16
1650086240.0,1650086250.0,motion,2022-04-16
1650111090.0,1650111100.0,motion,2022-04-16
1650111630.0,1650111640.0,motion,2022-04-16
1650113860.0,1650113870.0,motion,2022-04-16
1650116570.0,1650116890.0,motion,2022-04-16
1650124400.0,1650125060.0,motion,2022-04-16
1650162650.0,1650162660.0,wake,2022-04-17
1650161430.0,1650161450.0,motion,2022-04-17
1650162590.0,1650162890.0,motion,2022-04-17
1650164720.0,1650164730.0,motion,2022-04-17
1650165190.0,1650165200.0,motion,2022-04-17
1650166180.0,1650166370.0,motion,2022-04-17
1650166740.0,1650166750.0,motion,2022-04-17
1650169610.0,1650169910.0,motion,2022-04-17
1650174550.0,1650174800.0,motion,2022-04-17
1650203790.0,1650204150.0,motion,2022-04-17
1650204680.0,1650204700.0,motion,2022-04-17
1650037560.0,1650037580.0,wake,2022-04-15
1649989530.0,1649989550.0,motion,2022-04-15
1649989980.0,1649990300.0,motion,2022-04-15
1650029050.0,1650029060.0,motion,2022-04-15
1650031490.0,1650031950.0,motion,2022-04-15
1650033650.0,1650033660.0,motion,2022-04-15
1650034440.0,1650034460.0,motion,2022-04-15
1650035900.0,1650036580.0,motion,2022-04-15
1650037050.0,1650037080.0,motion,2022-04-15
1650037520.0,1650037790.0,motion,2022-04-15
1650038290.0,1650038300.0,motion,2022-04-15
1650039470.0,1650039480.0,motion,2022-04-15
1650042920.0,1650042930.0,motion,2022-04-15
1649902030.0,1649902040.0,motion,2022-04-14
1649902440.0,1649902450.0,motion,2022-04-14
1649903930.0,1649903950.0,motion,2022-04-14
1649906310.0,1649906320.0,motion,2022-04-14
1649909330.0,1649909340.0,motion,2022-04-14
1649937330.0,1649937350.0,motion,2022-04-14
1649942670.0,1649942720.0,motion,2022-04-14
1649943820.0,1649943830.0,motion,2022-04-14
1649944920.0,1649945050.0,motion,2022-04-14
1649945640.0,1649945650.0,motion,2022-04-14
1649946080.0,1649946450.0,motion,2022-04-14
1649947530.0,1649947560.0,motion,2022-04-14
1649948360.0,1649948730.0,motion,2022-04-14
1649954270.0,1649955000.0,motion,2022-04-14
1649823560.0,1649823570.0,motion,2022-04-13
1649854930.0,1649854940.0,motion,2022-04-13
1649856700.0,1649856710.0,motion,2022-04-13
1649863310.0,1649863320.0,motion,2022-04-13
1649864640.0,1649864650.0,motion,2022-04-13
1649865210.0,1649865220.0,motion,2022-04-13
1649866210.0,1649866240.0,motion,2022-04-13
1649867890.0,1649867900.0,motion,2022-04-13
1649871590.0,1649871600.0,motion,2022-04-13
1650345560.0,1650346120.0,wake,2022-04-19
1650387130.0,1650387200.0,wake,2022-04-19
1650387970.0,1650388060.0,wake,2022-04-19
1650337970.0,1650338090.0,motion,2022-04-19
1650338880.0,1650338900.0,motion,2022-04-19
1650339990.0,1650340010.0,motion,2022-04-19
1650341130.0,1650341150.0,motion,2022-04-19
1650342050.0,1650342080.0,motion,2022-04-19
1650343210.0,1650343220.0,motion,2022-04-19
1650344610.0,1650344630.0,motion,2022-04-19
1650345480.0,1650346140.0,motion,2022-04-19
1650346770.0,1650346790.0,motion,2022-04-19
1650370340.0,1650370360.0,motion,2022-04-19
1650370900.0,1650372170.0,motion,2022-04-19
1650373860.0,1650374160.0,motion,2022-04-19
1650374710.0,1650374740.0,motion,2022-04-19
1650376320.0,1650376340.0,motion,2022-04-19
1650377360.0,1650377410.0,motion,2022-04-19
1650382490.0,1650382510.0,motion,2022-04-19
1650386490.0,1650386500.0,motion,2022-04-19
1650386910.0,1650387190.0,motion,2022-04-19
1650387910.0,1650388310.0,motion,2022-04-19
1650388730.0,1650388740.0,motion,2022-04-19
1650390280.0,1650390830.0,motion,2022-04-19
1650251460.0,1650251520.0,wake,2022-04-18
1650254360.0,1650254420.0,wake,2022-04-18
1650287520.0,1650287530.0,wake,2022-04-18
1650295400.0,1650295450.0,wake,2022-04-18
1650297700.0,1650297720.0,wake,2022-04-18
1650301160.0,1650301270.0,wake,2022-04-18
1650301610.0,1650301740.0,wake,2022-04-18
1650248710.0,1650248880.0,motion,2022-04-18
1650249890.0,1650250130.0,motion,2022-04-18
1650251400.0,1650251500.0,motion,2022-04-18
1650252670.0,1650252710.0,motion,2022-04-18
1650253970.0,1650254400.0,motion,2022-04-18
1650254930.0,1650254960.0,motion,2022-04-18
1650265560.0,1650265580.0,motion,2022-04-18
1650286810.0,1650286850.0,motion,2022-04-18
1650287330.0,1650287530.0,motion,2022-04-18
1650287870.0,1650288030.0,motion,2022-04-18
1650289510.0,1650289680.0,motion,2022-04-18
1650291240.0,1650291250.0,motion,2022-04-18
1650295000.0,1650296120.0,motion,2022-04-18
1650296530.0,1650296540.0,motion,2022-04-18
1650296920.0,1650297140.0,motion,2022-04-18
1650297510.0,1650298680.0,motion,2022-04-18
1650299820.0,1650299990.0,motion,2022-04-18
1650301000.0,1650301960.0,motion,2022-04-18
1650302370.0,1650302390.0,motion,2022-04-18
1650302700.0,1650302720.0,motion,2022-04-18
1650304100.0,1650304120.0,motion,2022-04-18
1650124760.0,1650124850.0,wake,2022-04-16
1650125440.0,1650125460.0,wake,2022-04-16
1650075300.0,1650075310.0,motion,2022-04-16
1650076430.0,1650076450.0,motion,2022-04-16
1650077100.0,1650077120.0,motion,2022-04-16
1650080070.0,1650080280.0,motion,2022-04-16
1650083990.0,1650084020.0,motion,2022-04-16
1650084350.0,1650084360.0,motion,2022-04-16
1650085470.0,1650085490.0,motion,2022-04-16
1650086230.0,1650086360.0,motion,2022-04-16
1650111080.0,1650111270.0,motion,2022-04-16
1650111630.0,1650111640.0,motion,2022-04-16
1650113850.0,1650113870.0,motion,2022-04-16
1650116250.0,1650116900.0,motion,2022-04-16
1650117570.0,1650117590.0,motion,2022-04-16
1650121740.0,1650121760.0,motion,2022-04-16
1650124390.0,1650124880.0,motion,2022-04-16
1650125370.0,1650125730.0,motion,2022-04-16
1650127310.0,1650127320.0,motion,2022-04-16
1650162620.0,1650162690.0,wake,2022-04-17
1650166200.0,1650166240.0,wake,2022-04-17
1650169880.0,1650169940.0,wake,2022-04-17
1650200970.0,1650200980.0,wake,2022-04-17
1650161420.0,1650161450.0,motion,2022-04-17
1650161930.0,1650161940.0,motion,2022-04-17
1650162580.0,1650163730.0,motion,2022-04-17
1650164490.0,1650164740.0,motion,2022-04-17
1650165190.0,1650165500.0,motion,2022-04-17
1650166180.0,1650166370.0,motion,2022-04-17
1650166740.0,1650166840.0,motion,2022-04-17
1650168380.0,1650168390.0,motion,2022-04-17
1650168720.0,1650168730.0,motion,2022-04-17
1650169600.0,1650169920.0,motion,2022-04-17
1650174370.0,1650174870.0,motion,2022-04-17
1650194660.0,1650194680.0,motion,2022-04-17
1650199640.0,1650199650.0,motion,2022-04-17
1650200300.0,1650200310.0,motion,2022-04-17
1650200900.0,1650201220.0,motion,2022-04-17
1650203420.0,1650203430.0,motion,2022-04-17
1650203780.0,1650204150.0,motion,2022-04-17
1650204680.0,1650204780.0,motion,2022-04-17
1650205130.0,1650205140.0,motion,2022-04-17
1650209880.0,1650210120.0,motion,2022-04-17
1650217480.0,1650217500.0,motion,2022-04-17
1650031750.0,1650031780.0,wake,2022-04-15
1650035930.0,1650035980.0,wake,2022-04-15
1650036290.0,1650036650.0,wake,2022-04-15
1650037120.0,1650037140.0,wake,2022-04-15
1650037550.0,1650037780.0,wake,2022-04-15
1650038220.0,1650038230.0,wake,2022-04-15
1649989520.0,1649990300.0,motion,2022-04-15
1649992740.0,1649992750.0,motion,2022-04-15
1649998130.0,1649998160.0,motion,2022-04-15
1650025440.0,1650025450.0,motion,2022-04-15
1650029040.0,1650029070.0,motion,2022-04-15
1650029600.0,1650029610.0,motion,2022-04-15
1650030580.0,1650030590.0,motion,2022-04-15
1650031160.0,1650032050.0,motion,2022-04-15
1650032420.0,1650032430.0,motion,2022-04-15
1650033000.0,1650033010.0,motion,2022-04-15
1650033650.0,1650033950.0,motion,2022-04-15
1650034440.0,1650034460.0,motion,2022-04-15
1650034900.0,1650034920.0,motion,2022-04-15
1650035740.0,1650036620.0,motion,2022-04-15
1650037050.0,1650038300.0,motion,2022-04-15
1650039450.0,1650039500.0,motion,2022-04-15
1650042920.0,1650042940.0,motion,2022-04-15
1649902470.0,1649902480.0,wake,2022-04-14
1649909330.0,1649909550.0,wake,2022-04-14
1649942470.0,1649942770.0,wake,2022-04-14
1649944990.0,1649945120.0,wake,2022-04-14
1649947580.0,1649947650.0,wake,2022-04-14
1649954500.0,1649954570.0,wake,2022-04-14
1649955560.0,1649955570.0,wake,2022-04-14
1649902030.0,1649902040.0,motion,2022-04-14
1649902390.0,1649902480.0,motion,2022-04-14
1649903930.0,1649904260.0,motion,2022-04-14
1649904830.0,1649904850.0,motion,2022-04-14
1649906310.0,1649906330.0,motion,2022-04-14
1649907330.0,1649907350.0,motion,2022-04-14
1649909100.0,1649909540.0,motion,2022-04-14
1649915090.0,1649915100.0,motion,2022-04-14
1649937320.0,1649937350.0,motion,2022-04-14
1649938750.0,1649938790.0,motion,2022-04-14
1649942400.0,1649942780.0,motion,2022-04-14
1649943810.0,1649943840.0,motion,2022-04-14
1649944920.0,1649945700.0,motion,2022-04-14
1649946060.0,1649946600.0,motion,2022-04-14
1649946920.0,1649946930.0,motion,2022-04-14
1649947520.0,1649947720.0,motion,2022-04-14
1649948030.0,1649948730.0,motion,2022-04-14
1649949200.0,1649949220.0,motion,2022-04-14
1649949980.0,1649949990.0,motion,2022-04-14
1649951860.0,1649951870.0,motion,2022-04-14
1649952270.0,1649952300.0,motion,2022-04-14
1649952690.0,1649952930.0,motion,2022-04-14
1649954250.0,1649955580.0,motion,2022-04-14
1649852730.0,1649852740.0,wake,2022-04-13
1649856570.0,1649856590.0,wake,2022-04-13
1649820980.0,1649820990.0,motion,2022-04-13
1649823560.0,1649823580.0,motion,2022-04-13
1649852110.0,1649852740.0,motion,2022-04-13
1649853940.0,1649853950.0,motion,2022-04-13
1649854510.0,1649854960.0,motion,2022-04-13
1649855800.0,1649855870.0,motion,2022-04-13
1649856490.0,1649856710.0,motion,2022-04-13
1649857380.0,1649857390.0,motion,2022-04-13
1649858370.0,1649858380.0,motion,2022-04-13
1649860310.0,1649860450.0,motion,2022-04-13
1649863300.0,1649863320.0,motion,2022-04-13
1649864250.0,1649864260.0,motion,2022-04-13
1649864630.0,1649865240.0,motion,2022-04-13
1649866030.0,1649866240.0,motion,2022-04-13
1649867890.0,1649867900.0,motion,2022-04-13
1649868280.0,1649868290.0,motion,2022-04-13
1649869140.0,1649869150.0,motion,2022-04-13
1649871570.0,1649871610.0,motion,2022-04-13
1649872340.0,1649872360.0,motion,2022-04-13
1650342050.0,1650342060.0,motion,2022-04-19
1650345490.0,1650346080.0,motion,2022-04-19
1650346770.0,1650346780.0,motion,2022-04-19
1650370340.0,1650370350.0,motion,2022-04-19
1650371030.0,1650371040.0,motion,2022-04-19
1650371360.0,1650371530.0,motion,2022-04-19
1650374150.0,1650374160.0,motion,2022-04-19
1650382500.0,1650382510.0,motion,2022-04-19
1650386490.0,1650386500.0,motion,2022-04-19
1650387060.0,1650387080.0,motion,2022-04-19
1650387910.0,1650387990.0,motion,2022-04-19
1650390820.0,1650390830.0,motion,2022-04-19
1650301190.0,1650301250.0,wake,2022-04-18
1650301630.0,1650301700.0,wake,2022-04-18
1650248720.0,1650248730.0,motion,2022-04-18
1650251420.0,1650251500.0,motion,2022-04-18
1650252680.0,1650252700.0,motion,2022-04-18
1650254200.0,1650254400.0,motion,2022-04-18
1650254930.0,1650254960.0,motion,2022-04-18
1650286810.0,1650286840.0,motion,2022-04-18
1650287340.0,1650287470.0,motion,2022-04-18
1650295380.0,1650295500.0,motion,2022-04-18
1650296920.0,1650296930.0,motion,2022-04-18
1650298000.0,1650298170.0,motion,2022-04-18
1650298660.0,1650298680.0,motion,2022-04-18
1650299830.0,1650299840.0,motion,2022-04-18
1650301010.0,1650301230.0,motion,2022-04-18
1650301580.0,1650301690.0,motion,2022-04-18
1650302380.0,1650302390.0,motion,2022-04-18
1650077100.0,1650077120.0,motion,2022-04-16
1650080110.0,1650080120.0,motion,2022-04-16
1650086240.0,1650086250.0,motion,2022-04-16
1650111090.0,1650111100.0,motion,2022-04-16
1650111630.0,1650111640.0,motion,2022-04-16
1650116570.0,1650116890.0,motion,2022-04-16
1650117570.0,1650117590.0,motion,2022-04-16
1650124400.0,1650124780.0,motion,2022-04-16
1650162650.0,1650162660.0,wake,2022-04-17
1650166220.0,1650166230.0,wake,2022-04-17
1650161430.0,1650161450.0,motion,2022-04-17
1650162590.0,1650162890.0,motion,2022-04-17
1650164720.0,1650164730.0,motion,2022-04-17
1650165190.0,1650165200.0,motion,2022-04-17
1650166180.0,1650166370.0,motion,2022-04-17
1650166740.0,1650166750.0,motion,2022-04-17
1650169610.0,1650169910.0,motion,2022-04-17
1650174550.0,1650174790.0,motion,2022-04-17
1650203840.0,1650204150.0,motion,2022-04-17
1650204680.0,1650204700.0,motion,2022-04-17
1649989530.0,1649989640.0,motion,2022-04-15
1649989980.0,1649990300.0,motion,2022-04-15
1650029050.0,1650029070.0,motion,2022-04-15
1650031490.0,1650031950.0,motion,2022-04-15
1650033650.0,1650033660.0,motion,2022-04-15
1650034440.0,1650034460.0,motion,2022-04-15
1650035900.0,1650036580.0,motion,2022-04-15
1650037050.0,1650037080.0,motion,2022-04-15
1650037520.0,1650037790.0,motion,2022-04-15
1650038290.0,1650038300.0,motion,2022-04-15
1650039470.0,1650039480.0,motion,2022-04-15
1650042920.0,1650042930.0,motion,2022-04-15
1649902030.0,1649902040.0,motion,2022-04-14
1649902440.0,1649902450.0,motion,2022-04-14
1649903930.0,1649903950.0,motion,2022-04-14
1649906310.0,1649906330.0,motion,2022-04-14
1649909330.0,1649909340.0,motion,2022-04-14
1649937320.0,1649937350.0,motion,2022-04-14
1649942400.0,1649942720.0,motion,2022-04-14
1649943820.0,1649943830.0,motion,2022-04-14
1649944920.0,1649945050.0,motion,2022-04-14
1649945640.0,1649945650.0,motion,2022-04-14
1649946080.0,1649946450.0,motion,2022-04-14
1649947530.0,1649947560.0,motion,2022-04-14
1649948360.0,1649948730.0,motion,2022-04-14
1649954270.0,1649955000.0,motion,2022-04-14
1649823560.0,1649823570.0,motion,2022-04-13
1649854930.0,1649854940.0,motion,2022-04-13
1649856700.0,1649856710.0,motion,2022-04-13
1649863310.0,1649863320.0,motion,2022-04-13
1649866230.0,1649866240.0,motion,2022-04-13
1649867890.0,1649867900.0,motion,2022-04-13
1649871590.0,1649871600.0,motion,2022-04-13
1650251480.0,1650251490.0,motion,2022-04-18
1650252680.0,1650252690.0,motion,2022-04-18
1650254370.0,1650254390.0,motion,2022-04-18
1650254940.0,1650254960.0,motion,2022-04-18
1650286810.0,1650286840.0,motion,2022-04-18
1650298660.0,1650298670.0,motion,2022-04-18
1650301120.0,1650301230.0,motion,2022-04-18
1650301600.0,1650301680.0,motion,2022-04-18
1650080110.0,1650080120.0,motion,2022-04-16
1650124770.0,1650124780.0,motion,2022-04-16
1650162640.0,1650162650.0,motion,2022-04-17
1650166190.0,1650166360.0,motion,2022-04-17
1650169640.0,1650169650.0,motion,2022-04-17
1649989530.0,1649989540.0,motion,2022-04-15
1650031740.0,1650031950.0,motion,2022-04-15
1650035910.0,1650035930.0,motion,2022-04-15
1650036560.0,1650036580.0,motion,2022-04-15
1650037530.0,1650037780.0,motion,2022-04-15
1649909330.0,1649909340.0,motion,2022-04-14
1649937330.0,1649937340.0,motion,2022-04-14
1649942670.0,1649942710.0,motion,2022-04-14
1649946310.0,1649946450.0,motion,2022-04-14
1649954500.0,1649954510.0,motion,2022-04-14
1649866230.0,1649866240.0,motion,2022-04-13
1650390820.0,1650390830.0,motion,2022-04-19
1650251480.0,1650251490.0,motion,2022-04-18
1650252680.0,1650252690.0,motion,2022-04-18
1650254370.0,1650254390.0,motion,2022-04-18
1650286810.0,1650286840.0,motion,2022-04-18
1650298660.0,1650298670.0,motion,2022-04-18
1650301120.0,1650301230.0,motion,2022-04-18
1650301600.0,1650301680.0,motion,2022-04-18
1650080110.0,1650080120.0,motion,2022-04-16
1650124770.0,1650124780.0,motion,2022-04-16
1650162640.0,1650162650.0,motion,2022-04-17
1650166190.0,1650166360.0,motion,2022-04-17
1650169640.0,1650169660.0,motion,2022-04-17
1649989530.0,1649989540.0,motion,2022-04-15
1650029050.0,1650029070.0,motion,2022-04-15
1650031730.0,1650031950.0,motion,2022-04-15
1650035910.0,1650035920.0,motion,2022-04-15
1650036560.0,1650036580.0,motion,2022-04-15
1650037530.0,1650037780.0,motion,2022-04-15
1649909330.0,1649909340.0,motion,2022-04-14
1649937320.0,1649937340.0,motion,2022-04-14
1649942670.0,1649942680.0,motion,2022-04-14
1649946310.0,1649946450.0,motion,2022-04-14
1649954500.0,1649954510.0,motion,2022-04-14
1650301210.0,1650301230.0,motion,2022-04-18
1650301610.0,1650301620.0,motion,2022-04-18
1649946420.0,1649946450.0,motion,2022-04-14
1650301210.0,1650301220.0,motion,2022-04-18
1650336360.0,1650336960.0,wake,2022-04-19
1650337880.0,1650339730.0,wake,2022-04-19
1650340870.0,1650341530.0,wake,2022-04-19
1650341990.0,1650342120.0,wake,2022-04-19
1650342720.0,1650343090.0,wake,2022-04-19
1650343850.0,1650344070.0,wake,2022-04-19
1650344840.0,1650346810.0,wake,2022-04-19
1650369980.0,1650369990.0,wake,2022-04-19
1650370360.0,1650373420.0,wake,2022-04-19
1650373880.0,1650373970.0,wake,2022-04-19
1650374540.0,1650375130.0,wake,2022-04-19
1650376200.0,1650376790.0,wake,2022-04-19
1650377210.0,1650377550.0,wake,2022-04-19
1650378600.0,1650378610.0,wake,2022-04-19
1650379050.0,1650379240.0,wake,2022-04-19
1650379590.0,1650379640.0,wake,2022-04-19
1650382520.0,1650382580.0,wake,2022-04-19
1650383100.0,1650383430.0,wake,2022-04-19
1650385090.0,1650385170.0,wake,2022-04-19
1650385830.0,1650386090.0,wake,2022-04-19
1650386430.0,1650387590.0,wake,2022-04-19
1650387940.0,1650391170.0,wake,2022-04-19
1650333670.0,1650334170.0,motion,2022-04-19
1650335660.0,1650335870.0,motion,2022-04-19
1650336320.0,1650337540.0,motion,2022-04-19
1650337850.0,1650340490.0,motion,2022-04-19
1650340820.0,1650341530.0,motion,2022-04-19
1650341930.0,1650342220.0,motion,2022-04-19
1650342680.0,1650347540.0,motion,2022-04-19
1650351040.0,1650351060.0,motion,2022-04-19
1650352760.0,1650352840.0,motion,2022-04-19
1650353820.0,1650353840.0,motion,2022-04-19
1650357160.0,1650357220.0,motion,2022-04-19
1650360090.0,1650360120.0,motion,2022-04-19
1650361950.0,1650361970.0,motion,2022-04-19
1650362660.0,1650362720.0,motion,2022-04-19
1650363790.0,1650363830.0,motion,2022-04-19
1650364220.0,1650364240.0,motion,2022-04-19
1650365260.0,1650365290.0,motion,2022-04-19
1650366320.0,1650366340.0,motion,2022-04-19
1650367850.0,1650368010.0,motion,2022-04-19
1650368520.0,1650368540.0,motion,2022-04-19
1650369070.0,1650375330.0,motion,2022-04-19
1650375640.0,1650377970.0,motion,2022-04-19
1650378320.0,1650380170.0,motion,2022-04-19
1650380780.0,1650381550.0,motion,2022-04-19
1650382390.0,1650383430.0,motion,2022-04-19
1650383750.0,1650383770.0,motion,2022-04-19
1650384110.0,1650384480.0,motion,2022-04-19
1650385030.0,1650391170.0,motion,2022-04-19
1650247820.0,1650249290.0,wake,2022-04-18
1650249880.0,1650250450.0,wake,2022-04-18
1650250770.0,1650250820.0,wake,2022-04-18
1650251180.0,1650252300.0,wake,2022-04-18
1650252700.0,1650252750.0,wake,2022-04-18
1650254010.0,1650254460.0,wake,2022-04-18
1650254940.0,1650255190.0,wake,2022-04-18
1650270080.0,1650270100.0,wake,2022-04-18
1650275330.0,1650275360.0,wake,2022-04-18
1650285830.0,1650286200.0,wake,2022-04-18
1650286540.0,1650288530.0,wake,2022-04-18
1650288850.0,1650289570.0,wake,2022-04-18
1650289890.0,1650290430.0,wake,2022-04-18
1650290890.0,1650291320.0,wake,2022-04-18
1650291740.0,1650291920.0,wake,2022-04-18
1650294880.0,1650302090.0,wake,2022-04-18
1650302410.0,1650304730.0,wake,2022-04-18
1650247350.0,1650250790.0,motion,2022-04-18
1650251140.0,1650252730.0,motion,2022-04-18
1650253140.0,1650253160.0,motion,2022-04-18
1650253510.0,1650253560.0,motion,2022-04-18
1650253970.0,1650255180.0,motion,2022-04-18
1650255500.0,1650255830.0,motion,2022-04-18
1650256870.0,1650256880.0,motion,2022-04-18
1650259900.0,1650259920.0,motion,2022-04-18
1650261610.0,1650261630.0,motion,2022-04-18
1650263870.0,1650263890.0,motion,2022-04-18
1650264760.0,1650264780.0,motion,2022-04-18
1650265550.0,1650265840.0,motion,2022-04-18
1650267940.0,1650267960.0,motion,2022-04-18
1650268760.0,1650268790.0,motion,2022-04-18
1650270010.0,1650270100.0,motion,2022-04-18
1650270560.0,1650270580.0,motion,2022-04-18
1650272180.0,1650272200.0,motion,2022-04-18
1650273260.0,1650273300.0,motion,2022-04-18
1650273840.0,1650273890.0,motion,2022-04-18
1650275220.0,1650275360.0,motion,2022-04-18
1650276930.0,1650276950.0,motion,2022-04-18
1650280860.0,1650280880.0,motion,2022-04-18
1650282520.0,1650282550.0,motion,2022-04-18
1650284150.0,1650284170.0,motion,2022-04-18
1650285210.0,1650291900.0,motion,2022-04-18
1650294830.0,1650304720.0,motion,2022-04-18
1650075320.0,1650075400.0,wake,2022-04-16
1650077570.0,1650077810.0,wake,2022-04-16
1650078170.0,1650080470.0,wake,2022-04-16
1650082770.0,1650082810.0,wake,2022-04-16
1650084030.0,1650084410.0,wake,2022-04-16
1650085030.0,1650085790.0,wake,2022-04-16
1650086230.0,1650086470.0,wake,2022-04-16
1650086930.0,1650087060.0,wake,2022-04-16
1650116010.0,1650116960.0,wake,2022-04-16
1650118180.0,1650118230.0,wake,2022-04-16
1650120710.0,1650120910.0,wake,2022-04-16
1650121750.0,1650121780.0,wake,2022-04-16
1650122350.0,1650122470.0,wake,2022-04-16
1650124390.0,1650128590.0,wake,2022-04-16
1650128970.0,1650129160.0,wake,2022-04-16
1650131520.0,1650131800.0,wake,2022-04-16
1650074730.0,1650074760.0,motion,2022-04-16
1650075280.0,1650075630.0,motion,2022-04-16
1650075940.0,1650075960.0,motion,2022-04-16
1650076420.0,1650076760.0,motion,2022-04-16
1650077080.0,1650077130.0,motion,2022-04-16
1650077500.0,1650080780.0,motion,2022-04-16
1650082730.0,1650083350.0,motion,2022-04-16
1650083990.0,1650086450.0,motion,2022-04-16
1650086800.0,1650087040.0,motion,2022-04-16
1650088230.0,1650088250.0,motion,2022-04-16
1650089770.0,1650089790.0,motion,2022-04-16
1650091340.0,1650091360.0,motion,2022-04-16
1650091830.0,1650091850.0,motion,2022-04-16
1650092240.0,1650092270.0,motion,2022-04-16
1650096050.0,1650096070.0,motion,2022-04-16
1650097350.0,1650097390.0,motion,2022-04-16
1650098140.0,1650098170.0,motion,2022-04-16
1650098750.0,1650098770.0,motion,2022-04-16
1650099780.0,1650099800.0,motion,2022-04-16
1650100580.0,1650100600.0,motion,2022-04-16
1650101570.0,1650101630.0,motion,2022-04-16
1650102030.0,1650102050.0,motion,2022-04-16
1650102910.0,1650103000.0,motion,2022-04-16
1650105150.0,1650105310.0,motion,2022-04-16
1650107560.0,1650107600.0,motion,2022-04-16
1650108660.0,1650108930.0,motion,2022-04-16
1650110040.0,1650110120.0,motion,2022-04-16
1650110950.0,1650111280.0,motion,2022-04-16
1650111610.0,1650111670.0,motion,2022-04-16
1650113020.0,1650113040.0,motion,2022-04-16
1650113770.0,1650113880.0,motion,2022-04-16
1650115800.0,1650116920.0,motion,2022-04-16
1650117460.0,1650117590.0,motion,2022-04-16
1650118120.0,1650118790.0,motion,2022-04-16
1650119380.0,1650119530.0,motion,2022-04-16
1650119900.0,1650119920.0,motion,2022-04-16
1650120340.0,1650121780.0,motion,2022-04-16
1650122300.0,1650122630.0,motion,2022-04-16
1650123630.0,1650128560.0,motion,2022-04-16
1650128930.0,1650129290.0,motion,2022-04-16
1650130180.0,1650130200.0,motion,2022-04-16
1650130730.0,1650131940.0,motion,2022-04-16
1650160970.0,1650168420.0,wake,2022-04-17
1650168740.0,1650168820.0,wake,2022-04-17
1650169520.0,1650170070.0,wake,2022-04-17
1650171880.0,1650171930.0,wake,2022-04-17
1650172280.0,1650172500.0,wake,2022-04-17
1650173170.0,1650173260.0,wake,2022-04-17
1650174400.0,1650174960.0,wake,2022-04-17
1650175630.0,1650175650.0,wake,2022-04-17
1650199480.0,1650199520.0,wake,2022-04-17
1650199840.0,1650205660.0,wake,2022-04-17
1650208430.0,1650208650.0,wake,2022-04-17
1650210040.0,1650210530.0,wake,2022-04-17
1650211810.0,1650211840.0,wake,2022-04-17
1650212190.0,1650212480.0,wake,2022-04-17
1650213430.0,1650213710.0,wake,2022-04-17
1650214160.0,1650214720.0,wake,2022-04-17
1650215170.0,1650215560.0,wake,2022-04-17
1650217960.0,1650218010.0,wake,2022-04-17
1650160920.0,1650170060.0,motion,2022-04-17
1650171270.0,1650171290.0,motion,2022-04-17
1650171840.0,1650173340.0,motion,2022-04-17
1650173750.0,1650173770.0,motion,2022-04-17
1650174350.0,1650175640.0,motion,2022-04-17
1650180930.0,1650181000.0,motion,2022-04-17
1650184710.0,1650184730.0,motion,2022-04-17
1650185560.0,1650185580.0,motion,2022-04-17
1650187230.0,1650187250.0,motion,2022-04-17
1650188720.0,1650188740.0,motion,2022-04-17
1650189290.0,1650189310.0,motion,2022-04-17
1650194660.0,1650194690.0,motion,2022-04-17
1650195320.0,1650195500.0,motion,2022-04-17
1650196810.0,1650197370.0,motion,2022-04-17
1650197940.0,1650198850.0,motion,2022-04-17
1650199420.0,1650205660.0,motion,2022-04-17
1650206490.0,1650209210.0,motion,2022-04-17
1650209560.0,1650210500.0,motion,2022-04-17
1650211220.0,1650211240.0,motion,2022-04-17
1650211620.0,1650211840.0,motion,2022-04-17
1650212150.0,1650212730.0,motion,2022-04-17
1650213350.0,1650215830.0,motion,2022-04-17
1650216410.0,1650216430.0,motion,2022-04-17
1650216810.0,1650216830.0,motion,2022-04-17
1650217480.0,1650217510.0,motion,2022-04-17
1650217910.0,1650218120.0,motion,2022-04-17
1649989210.0,1649991280.0,wake,2022-04-15
1649991740.0,1649991820.0,wake,2022-04-15
1649992720.0,1649993540.0,wake,2022-04-15
1649996020.0,1649996120.0,wake,2022-04-15
1649996470.0,1649997190.0,wake,2022-04-15
1649997900.0,1649998640.0,wake,2022-04-15
1650028520.0,1650028550.0,wake,2022-04-15
1650028990.0,1650029100.0,wake,2022-04-15
1650030630.0,1650032640.0,wake,2022-04-15
1650032980.0,1650034630.0,wake,2022-04-15
1650034940.0,1650035150.0,wake,2022-04-15
1650035460.0,1650038720.0,wake,2022-04-15
1650039100.0,1650039550.0,wake,2022-04-15
1650039960.0,1650040080.0,wake,2022-04-15
1650041580.0,1650041680.0,wake,2022-04-15
1650042930.0,1650042950.0,wake,2022-04-15
1649988170.0,1649988180.0,motion,2022-04-15
1649988730.0,1649992290.0,motion,2022-04-15
1649992650.0,1649993540.0,motion,2022-04-15
1649995710.0,1649998630.0,motion,2022-04-15
1649999160.0,1649999220.0,motion,2022-04-15
1650000320.0,1650000340.0,motion,2022-04-15
1650003820.0,1650003840.0,motion,2022-04-15
1650006340.0,1650006360.0,motion,2022-04-15
1650008760.0,1650008780.0,motion,2022-04-15
1650013660.0,1650013930.0,motion,2022-04-15
1650014240.0,1650014450.0,motion,2022-04-15
1650015090.0,1650015350.0,motion,2022-04-15
1650016290.0,1650016320.0,motion,2022-04-15
1650017040.0,1650017070.0,motion,2022-04-15
1650019040.0,1650019070.0,motion,2022-04-15
1650019850.0,1650020180.0,motion,2022-04-15
1650022090.0,1650022120.0,motion,2022-04-15
1650024480.0,1650024510.0,motion,2022-04-15
1650025440.0,1650025470.0,motion,2022-04-15
1650025840.0,1650026050.0,motion,2022-04-15
1650026660.0,1650026750.0,motion,2022-04-15
1650028100.0,1650029070.0,motion,2022-04-15
1650029580.0,1650029910.0,motion,2022-04-15
1650030250.0,1650040120.0,motion,2022-04-15
1650040430.0,1650041840.0,motion,2022-04-15
1650042710.0,1650042950.0,motion,2022-04-15
1649901690.0,1649902910.0,wake,2022-04-14
1649903260.0,1649905680.0,wake,2022-04-14
1649906150.0,1649906400.0,wake,2022-04-14
1649906810.0,1649909920.0,wake,2022-04-14
1649910830.0,1649910860.0,wake,2022-04-14
1649915120.0,1649915500.0,wake,2022-04-14
1649938560.0,1649938870.0,wake,2022-04-14
1649939190.0,1649939870.0,wake,2022-04-14
1649941570.0,1649941630.0,wake,2022-04-14
1649942430.0,1649947020.0,wake,2022-04-14
1649947470.0,1649950630.0,wake,2022-04-14
1649951880.0,1649953540.0,wake,2022-04-14
1649954010.0,1649955610.0,wake,2022-04-14
1649901620.0,1649906390.0,motion,2022-04-14
1649906730.0,1649910270.0,motion,2022-04-14
1649910620.0,1649910940.0,motion,2022-04-14
1649915080.0,1649915590.0,motion,2022-04-14
1649917590.0,1649917790.0,motion,2022-04-14
1649921500.0,1649921510.0,motion,2022-04-14
1649924480.0,1649925120.0,motion,2022-04-14
1649926570.0,1649927140.0,motion,2022-04-14
1649928370.0,1649928390.0,motion,2022-04-14
1649929270.0,1649929280.0,motion,2022-04-14
1649930380.0,1649930400.0,motion,2022-04-14
1649930740.0,1649930760.0,motion,2022-04-14
1649932990.0,1649933010.0,motion,2022-04-14
1649933800.0,1649934220.0,motion,2022-04-14
1649935560.0,1649936000.0,motion,2022-04-14
1649936970.0,1649936990.0,motion,2022-04-14
1649937320.0,1649937380.0,motion,2022-04-14
1649937880.0,1649937900.0,motion,2022-04-14
1649938510.0,1649939880.0,motion,2022-04-14
1649940450.0,1649940470.0,motion,2022-04-14
1649940960.0,1649941140.0,motion,2022-04-14
1649941530.0,1649941920.0,motion,2022-04-14
1649942390.0,1649955690.0,motion,2022-04-14
1649816170.0,1649818560.0,wake,2022-04-13
1649819310.0,1649821330.0,wake,2022-04-13
1649821860.0,1649821960.0,wake,2022-04-13
1649823600.0,1649823640.0,wake,2022-04-13
1649839450.0,1649839500.0,wake,2022-04-13
1649850780.0,1649850790.0,wake,2022-04-13
1649851910.0,1649858720.0,wake,2022-04-13
1649859040.0,1649860520.0,wake,2022-04-13
1649860840.0,1649861140.0,wake,2022-04-13
1649861730.0,1649869900.0,wake,2022-04-13
1649870380.0,1649870420.0,wake,2022-04-13
1649871120.0,1649871680.0,wake,2022-04-13
1649872400.0,1649872410.0,wake,2022-04-13
1649815270.0,1649822490.0,motion,2022-04-13
1649822870.0,1649822880.0,motion,2022-04-13
1649823220.0,1649823620.0,motion,2022-04-13
1649824020.0,1649824280.0,motion,2022-04-13
1649829670.0,1649829700.0,motion,2022-04-13
1649833230.0,1649833240.0,motion,2022-04-13
1649835510.0,1649835530.0,motion,2022-04-13
1649838250.0,1649838280.0,motion,2022-04-13
1649839400.0,1649839470.0,motion,2022-04-13
1649840590.0,1649840610.0,motion,2022-04-13
1649843570.0,1649843600.0,motion,2022-04-13
1649844270.0,1649844390.0,motion,2022-04-13
1649845270.0,1649845280.0,motion,2022-04-13
1649846720.0,1649846740.0,motion,2022-04-13
1649847530.0,1649847560.0,motion,2022-04-13
1649848750.0,1649849040.0,motion,2022-04-13
1649849560.0,1649849590.0,motion,2022-04-13
1649850070.0,1649850100.0,motion,2022-04-13
1649850430.0,1649850790.0,motion,2022-04-13
1649851870.0,1649871670.0,motion,2022-04-13
1649872320.0,1649872610.0,motion,2022-04-13
1650336360.0,1650336670.0,wake,2022-04-19
1650337910.0,1650338990.0,wake,2022-04-19
1650339540.0,1650339720.0,wake,2022-04-19
1650340880.0,1650341520.0,wake,2022-04-19
1650342000.0,1650342120.0,wake,2022-04-19
1650342740.0,1650343040.0,wake,2022-04-19
1650343860.0,1650344070.0,wake,2022-04-19
1650344850.0,1650346810.0,wake,2022-04-19
1650370370.0,1650372300.0,wake,2022-04-19
1650372650.0,1650373320.0,wake,2022-04-19
1650373890.0,1650373940.0,wake,2022-04-19
1650374550.0,1650374860.0,wake,2022-04-19
1650376240.0,1650376530.0,wake,2022-04-19
1650377290.0,1650377530.0,wake,2022-04-19
1650378600.0,1650378610.0,wake,2022-04-19
1650379070.0,1650379230.0,wake,2022-04-19
1650382530.0,1650382570.0,wake,2022-04-19
1650383340.0,1650383430.0,wake,2022-04-19
1650385110.0,1650385150.0,wake,2022-04-19
1650385850.0,1650386060.0,wake,2022-04-19
1650386430.0,1650387330.0,wake,2022-04-19
1650387940.0,1650391160.0,wake,2022-04-19
1650333670.0,1650334170.0,motion,2022-04-19
1650335660.0,1650335870.0,motion,2022-04-19
1650336320.0,1650337530.0,motion,2022-04-19
1650337850.0,1650340020.0,motion,2022-04-19
1650340420.0,1650340490.0,motion,2022-04-19
1650340820.0,1650341530.0,motion,2022-04-19
1650341930.0,1650342220.0,motion,2022-04-19
1650342680.0,1650343240.0,motion,2022-04-19
1650343630.0,1650347530.0,motion,2022-04-19
1650352760.0,1650352840.0,motion,2022-04-19
1650357170.0,1650357220.0,motion,2022-04-19
1650360090.0,1650360110.0,motion,2022-04-19
1650362670.0,1650362720.0,motion,2022-04-19
1650363790.0,1650363820.0,motion,2022-04-19
1650364220.0,1650364240.0,motion,2022-04-19
1650365260.0,1650365290.0,motion,2022-04-19
1650367950.0,1650367990.0,motion,2022-04-19
1650368520.0,1650368540.0,motion,2022-04-19
1650369210.0,1650370010.0,motion,2022-04-19
1650370320.0,1650375320.0,motion,2022-04-19
1650375640.0,1650377640.0,motion,2022-04-19
1650377950.0,1650377970.0,motion,2022-04-19
1650378320.0,1650380170.0,motion,2022-04-19
1650380840.0,1650380850.0,motion,2022-04-19
1650381170.0,1650381550.0,motion,2022-04-19
1650382400.0,1650383430.0,motion,2022-04-19
1650383750.0,1650383760.0,motion,2022-04-19
1650384120.0,1650384480.0,motion,2022-04-19
1650385030.0,1650391170.0,motion,2022-04-19
1650247900.0,1650249160.0,wake,2022-04-18
1650249890.0,1650250410.0,wake,2022-04-18
1650251180.0,1650252100.0,wake,2022-04-18
1650252700.0,1650252750.0,wake,2022-04-18
1650254020.0,1650254460.0,wake,2022-04-18
1650254940.0,1650255180.0,wake,2022-04-18
1650270080.0,1650270100.0,wake,2022-04-18
1650275330.0,1650275360.0,wake,2022-04-18
1650285860.0,1650286050.0,wake,2022-04-18
1650286550.0,1650288510.0,wake,2022-04-18
1650288850.0,1650289260.0,wake,2022-04-18
1650289890.0,1650290420.0,wake,2022-04-18
1650290890.0,1650291320.0,wake,2022-04-18
1650291760.0,1650291910.0,wake,2022-04-18
1650294880.0,1650299090.0,wake,2022-04-18
1650299440.0,1650302060.0,wake,2022-04-18
1650302410.0,1650302570.0,wake,2022-04-18
1650303210.0,1650304730.0,wake,2022-04-18
1650247360.0,1650249260.0,motion,2022-04-18
1650249640.0,1650250790.0,motion,2022-04-18
1650251140.0,1650252720.0,motion,2022-04-18
1650253140.0,1650253160.0,motion,2022-04-18
1650253510.0,1650253550.0,motion,2022-04-18
1650253970.0,1650255150.0,motion,2022-04-18
1650255500.0,1650255830.0,motion,2022-04-18
1650259900.0,1650259920.0,motion,2022-04-18
1650263870.0,1650263890.0,motion,2022-04-18
1650264760.0,1650264780.0,motion,2022-04-18
1650265550.0,1650265840.0,motion,2022-04-18
1650268760.0,1650268790.0,motion,2022-04-18
1650270010.0,1650270100.0,motion,2022-04-18
1650270560.0,1650270580.0,motion,2022-04-18
1650272180.0,1650272200.0,motion,2022-04-18
1650273260.0,1650273290.0,motion,2022-04-18
1650273850.0,1650273890.0,motion,2022-04-18
1650275240.0,1650275360.0,motion,2022-04-18
1650276930.0,1650276950.0,motion,2022-04-18
1650280860.0,1650280880.0,motion,2022-04-18
1650282520.0,1650282550.0,motion,2022-04-18
1650284160.0,1650284170.0,motion,2022-04-18
1650285210.0,1650285360.0,motion,2022-04-18
1650285770.0,1650291890.0,motion,2022-04-18
1650294830.0,1650304720.0,motion,2022-04-18
1650075330.0,1650075400.0,wake,2022-04-16
1650077600.0,1650077740.0,wake,2022-04-16
1650078180.0,1650078190.0,wake,2022-04-16
1650078660.0,1650080460.0,wake,2022-04-16
1650084030.0,1650084410.0,wake,2022-04-16
1650085040.0,1650085080.0,wake,2022-04-16
1650086230.0,1650086450.0,wake,2022-04-16
1650086950.0,1650087060.0,wake,2022-04-16
1650116010.0,1650116960.0,wake,2022-04-16
1650118190.0,1650118210.0,wake,2022-04-16
1650120710.0,1650120910.0,wake,2022-04-16
1650121760.0,1650121770.0,wake,2022-04-16
1650122350.0,1650122460.0,wake,2022-04-16
1650124390.0,1650126180.0,wake,2022-04-16
1650126630.0,1650128040.0,wake,2022-04-16
1650128360.0,1650128560.0,wake,2022-04-16
1650128970.0,1650129130.0,wake,2022-04-16
1650131530.0,1650131700.0,wake,2022-04-16
1650074730.0,1650074750.0,motion,2022-04-16
1650075280.0,1650075620.0,motion,2022-04-16
1650076420.0,1650076760.0,motion,2022-04-16
1650077090.0,1650077130.0,motion,2022-04-16
1650077540.0,1650080780.0,motion,2022-04-16
1650082730.0,1650083340.0,motion,2022-04-16
1650083990.0,1650086450.0,motion,2022-04-16
1650086890.0,1650087040.0,motion,2022-04-16
1650088230.0,1650088250.0,motion,2022-04-16
1650089770.0,1650089790.0,motion,2022-04-16
1650091340.0,1650091360.0,motion,2022-04-16
1650091830.0,1650091850.0,motion,2022-04-16
1650092240.0,1650092260.0,motion,2022-04-16
1650097350.0,1650097390.0,motion,2022-04-16
1650098140.0,1650098170.0,motion,2022-04-16
1650101570.0,1650101630.0,motion,2022-04-16
1650102030.0,1650102050.0,motion,2022-04-16
1650102910.0,1650102940.0,motion,2022-04-16
1650107580.0,1650107600.0,motion,2022-04-16
1650108910.0,1650108930.0,motion,2022-04-16
1650110040.0,1650110060.0,motion,2022-04-16
1650110950.0,1650111280.0,motion,2022-04-16
1650111610.0,1650111670.0,motion,2022-04-16
1650113030.0,1650113040.0,motion,2022-04-16
1650113770.0,1650113880.0,motion,2022-04-16
1650115800.0,1650116920.0,motion,2022-04-16
1650117460.0,1650117590.0,motion,2022-04-16
1650118120.0,1650118790.0,motion,2022-04-16
1650119380.0,1650119400.0,motion,2022-04-16
1650120340.0,1650121190.0,motion,2022-04-16
1650121680.0,1650121780.0,motion,2022-04-16
1650122300.0,1650122630.0,motion,2022-04-16
1650123630.0,1650123930.0,motion,2022-04-16
1650124320.0,1650128550.0,motion,2022-04-16
1650128930.0,1650129280.0,motion,2022-04-16
1650130890.0,1650131930.0,motion,2022-04-16
1650160970.0,1650168420.0,wake,2022-04-17
1650168760.0,1650168800.0,wake,2022-04-17
1650169540.0,1650170060.0,wake,2022-04-17
1650171900.0,1650171920.0,wake,2022-04-17
1650172290.0,1650172490.0,wake,2022-04-17
1650173230.0,1650173240.0,wake,2022-04-17
1650174400.0,1650174950.0,wake,2022-04-17
1650199840.0,1650202890.0,wake,2022-04-17
1650203460.0,1650205660.0,wake,2022-04-17
1650208440.0,1650208640.0,wake,2022-04-17
1650210040.0,1650210490.0,wake,2022-04-17
1650212220.0,1650212250.0,wake,2022-04-17
1650213620.0,1650213690.0,wake,2022-04-17
1650214170.0,1650214710.0,wake,2022-04-17
1650215360.0,1650215400.0,wake,2022-04-17
1650217960.0,1650218010.0,wake,2022-04-17
1650160920.0,1650170060.0,motion,2022-04-17
1650171270.0,1650171290.0,motion,2022-04-17
1650171840.0,1650171910.0,motion,2022-04-17
1650172220.0,1650172570.0,motion,2022-04-17
1650173040.0,1650173330.0,motion,2022-04-17
1650173760.0,1650173770.0,motion,2022-04-17
1650174350.0,1650174920.0,motion,2022-04-17
1650175560.0,1650175640.0,motion,2022-04-17
1650180960.0,1650180990.0,motion,2022-04-17
1650184710.0,1650184730.0,motion,2022-04-17
1650194660.0,1650194690.0,motion,2022-04-17
1650195480.0,1650195500.0,motion,2022-04-17
1650196920.0,1650197370.0,motion,2022-04-17
1650197940.0,1650198850.0,motion,2022-04-17
1650199440.0,1650205660.0,motion,2022-04-17
1650206490.0,1650207380.0,motion,2022-04-17
1650207780.0,1650208060.0,motion,2022-04-17
1650208380.0,1650209210.0,motion,2022-04-17
1650209560.0,1650210500.0,motion,2022-04-17
1650211620.0,1650211830.0,motion,2022-04-17
1650212150.0,1650212720.0,motion,2022-04-17
1650213350.0,1650215560.0,motion,2022-04-17
1650216810.0,1650216830.0,motion,2022-04-17
1650217480.0,1650217510.0,motion,2022-04-17
1650217910.0,1650217980.0,motion,2022-04-17
1649989260.0,1649991060.0,wake,2022-04-15
1649992730.0,1649993490.0,wake,2022-04-15
1649996040.0,1649996110.0,wake,2022-04-15
1649996760.0,1649997180.0,wake,2022-04-15
1649997910.0,1649998630.0,wake,2022-04-15
1650029000.0,1650029100.0,wake,2022-04-15
1650030640.0,1650032500.0,wake,2022-04-15
1650032980.0,1650034630.0,wake,2022-04-15
1650034940.0,1650035130.0,wake,2022-04-15
1650035470.0,1650038720.0,wake,2022-04-15
1650039110.0,1650039550.0,wake,2022-04-15
1650039980.0,1650040040.0,wake,2022-04-15
1650041620.0,1650041660.0,wake,2022-04-15
1649988730.0,1649992120.0,motion,2022-04-15
1649992660.0,1649993540.0,motion,2022-04-15
1649995980.0,1649998620.0,motion,2022-04-15
1649999160.0,1649999200.0,motion,2022-04-15
1650000320.0,1650000340.0,motion,2022-04-15
1650006340.0,1650006360.0,motion,2022-04-15
1650008760.0,1650008780.0,motion,2022-04-15
1650013660.0,1650013920.0,motion,2022-04-15
1650014240.0,1650014450.0,motion,2022-04-15
1650015090.0,1650015350.0,motion,2022-04-15
1650016290.0,1650016310.0,motion,2022-04-15
1650017050.0,1650017060.0,motion,2022-04-15
1650019040.0,1650019070.0,motion,2022-04-15
1650019850.0,1650020180.0,motion,2022-04-15
1650022090.0,1650022120.0,motion,2022-04-15
1650024480.0,1650024510.0,motion,2022-04-15
1650025440.0,1650025460.0,motion,2022-04-15
1650025840.0,1650026050.0,motion,2022-04-15
1650026660.0,1650026750.0,motion,2022-04-15
1650028110.0,1650028540.0,motion,2022-04-15
1650028940.0,1650029070.0,motion,2022-04-15
1650029580.0,1650029640.0,motion,2022-04-15
1650030250.0,1650040090.0,motion,2022-04-15
1650040450.0,1650041840.0,motion,2022-04-15
1650042710.0,1650042950.0,motion,2022-04-15
1649901690.0,1649902900.0,wake,2022-04-14
1649903290.0,1649905670.0,wake,2022-04-14
1649906210.0,1649906390.0,wake,2022-04-14
1649906810.0,1649909910.0,wake,2022-04-14
1649915120.0,1649915490.0,wake,2022-04-14
1649938560.0,1649938870.0,wake,2022-04-14
1649939340.0,1649939390.0,wake,2022-04-14
1649939800.0,1649939850.0,wake,2022-04-14
1649942430.0,1649947010.0,wake,2022-04-14
1649947470.0,1649949670.0,wake,2022-04-14
1649949980.0,1649950610.0,wake,2022-04-14
1649951880.0,1649951960.0,wake,2022-04-14
1649952280.0,1649953520.0,wake,2022-04-14
1649954030.0,1649955610.0,wake,2022-04-14
1649901620.0,1649905680.0,motion,2022-04-14
1649906080.0,1649906380.0,motion,2022-04-14
1649906730.0,1649910270.0,motion,2022-04-14
1649910780.0,1649910930.0,motion,2022-04-14
1649915080.0,1649915590.0,motion,2022-04-14
1649917770.0,1649917790.0,motion,2022-04-14
1649921500.0,1649921510.0,motion,2022-04-14
1649924480.0,1649924490.0,motion,2022-04-14
1649925100.0,1649925120.0,motion,2022-04-14
1649927130.0,1649927140.0,motion,2022-04-14
1649928370.0,1649928390.0,motion,2022-04-14
1649929270.0,1649929280.0,motion,2022-04-14
1649930380.0,1649930400.0,motion,2022-04-14
1649930740.0,1649930760.0,motion,2022-04-14
1649933000.0,1649933010.0,motion,2022-04-14
1649933800.0,1649934220.0,motion,2022-04-14
1649935560.0,1649936000.0,motion,2022-04-14
1649936970.0,1649936990.0,motion,2022-04-14
1649937320.0,1649937370.0,motion,2022-04-14
1649938510.0,1649939870.0,motion,2022-04-14
1649940450.0,1649940470.0,motion,2022-04-14
1649940960.0,1649941140.0,motion,2022-04-14
1649941540.0,1649941910.0,motion,2022-04-14
1649942390.0,1649946980.0,motion,2022-04-14
1649947330.0,1649951390.0,motion,2022-04-14
1649951840.0,1649951940.0,motion,2022-04-14
1649952250.0,1649955690.0,motion,2022-04-14
1649816180.0,1649818550.0,wake,2022-04-13
1649819450.0,1649819550.0,wake,2022-04-13
1649819860.0,1649819890.0,wake,2022-04-13
1649820440.0,1649821110.0,wake,2022-04-13
1649823600.0,1649823640.0,wake,2022-04-13
1649839450.0,1649839490.0,wake,2022-04-13
1649851930.0,1649858710.0,wake,2022-04-13
1649859050.0,1649860520.0,wake,2022-04-13
1649860840.0,1649861140.0,wake,2022-04-13
1649861730.0,1649869480.0,wake,2022-04-13
1649869800.0,1649869890.0,wake,2022-04-13
1649870380.0,1649870420.0,wake,2022-04-13
1649871130.0,1649871140.0,wake,2022-04-13
1649871600.0,1649871680.0,wake,2022-04-13
1649815270.0,1649815570.0,motion,2022-04-13
1649815880.0,1649821900.0,motion,2022-04-13
1649822420.0,1649822440.0,motion,2022-04-13
1649823220.0,1649823620.0,motion,2022-04-13
1649824020.0,1649824280.0,motion,2022-04-13
1649829670.0,1649829680.0,motion,2022-04-13
1649833230.0,1649833240.0,motion,2022-04-13
1649838250.0,1649838280.0,motion,2022-04-13
1649839400.0,1649839470.0,motion,2022-04-13
1649840590.0,1649840610.0,motion,2022-04-13
1649843570.0,1649843600.0,motion,2022-04-13
1649844270.0,1649844390.0,motion,2022-04-13
1649845270.0,1649845280.0,motion,2022-04-13
1649846720.0,1649846740.0,motion,2022-04-13
1649847530.0,1649847550.0,motion,2022-04-13
1649848750.0,1649849040.0,motion,2022-04-13
1649849560.0,1649849590.0,motion,2022-04-13
1649850070.0,1649850100.0,motion,2022-04-13
1649850440.0,1649850790.0,motion,2022-04-13
1649851870.0,1649871670.0,motion,2022-04-13
1649872330.0,1649872600.0,motion,2022-04-13
1650336380.0,1650336670.0,wake,2022-04-19
1650337910.0,1650338980.0,wake,2022-04-19
1650339710.0,1650339720.0,wake,2022-04-19
1650342020.0,1650342120.0,wake,2022-04-19
1650342760.0,1650342900.0,wake,2022-04-19
1650344040.0,1650344050.0,wake,2022-04-19
1650345060.0,1650346810.0,wake,2022-04-19
1650370380.0,1650372260.0,wake,2022-04-19
1650372670.0,1650372730.0,wake,2022-04-19
1650373100.0,1650373300.0,wake,2022-04-19
1650373900.0,1650373920.0,wake,2022-04-19
1650374730.0,1650374810.0,wake,2022-04-19
1650376400.0,1650376510.0,wake,2022-04-19
1650377340.0,1650377500.0,wake,2022-04-19
1650382530.0,1650382570.0,wake,2022-04-19
1650385110.0,1650385120.0,wake,2022-04-19
1650385930.0,1650385980.0,wake,2022-04-19
1650386440.0,1650386610.0,wake,2022-04-19
1650386970.0,1650387280.0,wake,2022-04-19
1650387950.0,1650388750.0,wake,2022-04-19
1650389140.0,1650390900.0,wake,2022-04-19
1650333790.0,1650334020.0,motion,2022-04-19
1650335690.0,1650335860.0,motion,2022-04-19
1650336330.0,1650336890.0,motion,2022-04-19
1650337210.0,1650337530.0,motion,2022-04-19
1650337850.0,1650340020.0,motion,2022-04-19
1650340420.0,1650340480.0,motion,2022-04-19
1650340860.0,1650341530.0,motion,2022-04-19
1650341930.0,1650342160.0,motion,2022-04-19
1650342680.0,1650343240.0,motion,2022-04-19
1650343630.0,1650347060.0,motion,2022-04-19
1650347500.0,1650347520.0,motion,2022-04-19
1650352830.0,1650352840.0,motion,2022-04-19
1650357170.0,1650357220.0,motion,2022-04-19
1650360090.0,1650360110.0,motion,2022-04-19
1650362670.0,1650362720.0,motion,2022-04-19
1650363790.0,1650363820.0,motion,2022-04-19
1650365260.0,1650365290.0,motion,2022-04-19
1650367960.0,1650367990.0,motion,2022-04-19
1650368520.0,1650368540.0,motion,2022-04-19
1650369410.0,1650370010.0,motion,2022-04-19
1650370320.0,1650375320.0,motion,2022-04-19
1650375640.0,1650377640.0,motion,2022-04-19
1650377950.0,1650377960.0,motion,2022-04-19
1650378320.0,1650378570.0,motion,2022-04-19
1650379010.0,1650380170.0,motion,2022-04-19
1650381170.0,1650381540.0,motion,2022-04-19
1650382400.0,1650382550.0,motion,2022-04-19
1650383060.0,1650383430.0,motion,2022-04-19
1650384120.0,1650384480.0,motion,2022-04-19
1650385040.0,1650385440.0,motion,2022-04-19
1650385810.0,1650386060.0,motion,2022-04-19
1650386390.0,1650391160.0,motion,2022-04-19
1650248010.0,1650248090.0,wake,2022-04-18
1650248530.0,1650249040.0,wake,2022-04-18
1650249900.0,1650250390.0,wake,2022-04-18
1650251200.0,1650251550.0,wake,2022-04-18
1650252700.0,1650252750.0,wake,2022-04-18
1650254020.0,1650254450.0,wake,2022-04-18
1650254950.0,1650255020.0,wake,2022-04-18
1650275330.0,1650275360.0,wake,2022-04-18
1650285880.0,1650286000.0,wake,2022-04-18
1650286560.0,1650288490.0,wake,2022-04-18
1650289910.0,1650290400.0,wake,2022-04-18
1650290910.0,1650291310.0,wake,2022-04-18
1650291880.0,1650291900.0,wake,2022-04-18
1650294890.0,1650299080.0,wake,2022-04-18
1650299660.0,1650300120.0,wake,2022-04-18
1650300530.0,1650300550.0,wake,2022-04-18
1650300930.0,1650302040.0,wake,2022-04-18
1650302430.0,1650302550.0,wake,2022-04-18
1650303430.0,1650303560.0,wake,2022-04-18
1650303940.0,1650304170.0,wake,2022-04-18
1650304650.0,1650304720.0,wake,2022-04-18
1650247360.0,1650247380.0,motion,2022-04-18
1650247770.0,1650249260.0,motion,2022-04-18
1650249860.0,1650250790.0,motion,2022-04-18
1650251140.0,1650252270.0,motion,2022-04-18
1650252660.0,1650252720.0,motion,2022-04-18
1650253140.0,1650253160.0,motion,2022-04-18
1650253510.0,1650253550.0,motion,2022-04-18
1650253970.0,1650254410.0,motion,2022-04-18
1650254900.0,1650255140.0,motion,2022-04-18
1650259910.0,1650259920.0,motion,2022-04-18
1650264760.0,1650264780.0,motion,2022-04-18
1650265550.0,1650265840.0,motion,2022-04-18
1650268760.0,1650268780.0,motion,2022-04-18
1650270020.0,1650270090.0,motion,2022-04-18
1650272180.0,1650272200.0,motion,2022-04-18
1650273260.0,1650273290.0,motion,2022-04-18
1650273850.0,1650273890.0,motion,2022-04-18
1650275260.0,1650275360.0,motion,2022-04-18
1650280860.0,1650280880.0,motion,2022-04-18
1650282520.0,1650282550.0,motion,2022-04-18
1650284160.0,1650284170.0,motion,2022-04-18
1650285220.0,1650285360.0,motion,2022-04-18
1650285810.0,1650291890.0,motion,2022-04-18
1650294840.0,1650304700.0,motion,2022-04-18
1650075340.0,1650075390.0,wake,2022-04-16
1650077620.0,1650077630.0,wake,2022-04-16
1650078870.0,1650080440.0,wake,2022-04-16
1650084060.0,1650084410.0,wake,2022-04-16
1650086240.0,1650086430.0,wake,2022-04-16
1650087010.0,1650087040.0,wake,2022-04-16
1650116060.0,1650116920.0,wake,2022-04-16
1650120720.0,1650120900.0,wake,2022-04-16
1650122360.0,1650122450.0,wake,2022-04-16
1650124400.0,1650126140.0,wake,2022-04-16
1650127210.0,1650127400.0,wake,2022-04-16
1650127860.0,1650127960.0,wake,2022-04-16
1650128380.0,1650128540.0,wake,2022-04-16
1650128980.0,1650129120.0,wake,2022-04-16
1650131580.0,1650131680.0,wake,2022-04-16
1650074740.0,1650074750.0,motion,2022-04-16
1650075280.0,1650075620.0,motion,2022-04-16
1650076420.0,1650076750.0,motion,2022-04-16
1650077090.0,1650077130.0,motion,2022-04-16
1650077540.0,1650080430.0,motion,2022-04-16
1650080740.0,1650080770.0,motion,2022-04-16
1650082730.0,1650083340.0,motion,2022-04-16
1650083990.0,1650086450.0,motion,2022-04-16
1650086890.0,1650087040.0,motion,2022-04-16
1650088240.0,1650088250.0,motion,2022-04-16
1650089770.0,1650089790.0,motion,2022-04-16
1650097360.0,1650097390.0,motion,2022-04-16
1650098140.0,1650098160.0,motion,2022-04-16
1650101570.0,1650101590.0,motion,2022-04-16
1650102030.0,1650102050.0,motion,2022-04-16
1650102910.0,1650102940.0,motion,2022-04-16
1650108910.0,1650108930.0,motion,2022-04-16
1650110040.0,1650110060.0,motion,2022-04-16
1650110950.0,1650111270.0,motion,2022-04-16
1650111610.0,1650111660.0,motion,2022-04-16
1650113770.0,1650113880.0,motion,2022-04-16
1650115800.0,1650116910.0,motion,2022-04-16
1650117460.0,1650117590.0,motion,2022-04-16
1650118120.0,1650118400.0,motion,2022-04-16
1650118760.0,1650118790.0,motion,2022-04-16
1650119380.0,1650119390.0,motion,2022-04-16
1650120350.0,1650121190.0,motion,2022-04-16
1650121690.0,1650121770.0,motion,2022-04-16
1650122300.0,1650122630.0,motion,2022-04-16
1650124330.0,1650128540.0,motion,2022-04-16
1650128930.0,1650129280.0,motion,2022-04-16
1650131140.0,1650131790.0,motion,2022-04-16
1650160980.0,1650162110.0,wake,2022-04-17
1650162560.0,1650163820.0,wake,2022-04-17
1650164280.0,1650167070.0,wake,2022-04-17
1650167530.0,1650168420.0,wake,2022-04-17
1650168770.0,1650168800.0,wake,2022-04-17
1650169630.0,1650170050.0,wake,2022-04-17
1650172450.0,1650172470.0,wake,2022-04-17
1650174400.0,1650174940.0,wake,2022-04-17
1650200040.0,1650201460.0,wake,2022-04-17
1650201850.0,1650202540.0,wake,2022-04-17
1650203470.0,1650205540.0,wake,2022-04-17
1650208450.0,1650208470.0,wake,2022-04-17
1650210040.0,1650210440.0,wake,2022-04-17
1650213640.0,1650213670.0,wake,2022-04-17
1650214200.0,1650214620.0,wake,2022-04-17
1650160930.0,1650170050.0,motion,2022-04-17
1650171270.0,1650171290.0,motion,2022-04-17
1650171840.0,1650171910.0,motion,2022-04-17
1650172220.0,1650172460.0,motion,2022-04-17
1650173040.0,1650173240.0,motion,2022-04-17
1650174350.0,1650174920.0,motion,2022-04-17
1650175570.0,1650175590.0,motion,2022-04-17
1650180970.0,1650180990.0,motion,2022-04-17
1650184710.0,1650184730.0,motion,2022-04-17
1650194660.0,1650194690.0,motion,2022-04-17
1650195480.0,1650195500.0,motion,2022-04-17
1650196920.0,1650196950.0,motion,2022-04-17
1650197350.0,1650197370.0,motion,2022-04-17
1650197940.0,1650198850.0,motion,2022-04-17
1650199450.0,1650205660.0,motion,2022-04-17
1650206610.0,1650206660.0,motion,2022-04-17
1650207050.0,1650207370.0,motion,2022-04-17
1650207780.0,1650208060.0,motion,2022-04-17
1650208380.0,1650209210.0,motion,2022-04-17
1650209880.0,1650210490.0,motion,2022-04-17
1650211630.0,1650211830.0,motion,2022-04-17
1650212180.0,1650212480.0,motion,2022-04-17
1650213350.0,1650213630.0,motion,2022-04-17
1650214130.0,1650215480.0,motion,2022-04-17
1650217480.0,1650217510.0,motion,2022-04-17
1650217910.0,1650217980.0,motion,2022-04-17
1649989540.0,1649990880.0,wake,2022-04-15
1649992790.0,1649993470.0,wake,2022-04-15
1649996040.0,1649996100.0,wake,2022-04-15
1649996770.0,1649996850.0,wake,2022-04-15
1649997920.0,1649998540.0,wake,2022-04-15
1650029020.0,1650029080.0,wake,2022-04-15
1650031000.0,1650032500.0,wake,2022-04-15
1650032990.0,1650033610.0,wake,2022-04-15
1650033930.0,1650034520.0,wake,2022-04-15
1650034950.0,1650035080.0,wake,2022-04-15
1650035480.0,1650038480.0,wake,2022-04-15
1650039190.0,1650039550.0,wake,2022-04-15
1650039980.0,1650040020.0,wake,2022-04-15
1649988910.0,1649991360.0,motion,2022-04-15
1649991670.0,1649992120.0,motion,2022-04-15
1649992660.0,1649993540.0,motion,2022-04-15
1649995980.0,1649998620.0,motion,2022-04-15
1649999160.0,1649999180.0,motion,2022-04-15
1650000320.0,1650000340.0,motion,2022-04-15
1650006340.0,1650006350.0,motion,2022-04-15
1650008770.0,1650008780.0,motion,2022-04-15
1650013660.0,1650013920.0,motion,2022-04-15
1650015090.0,1650015350.0,motion,2022-04-15
1650016290.0,1650016310.0,motion,2022-04-15
1650017050.0,1650017060.0,motion,2022-04-15
1650019040.0,1650019070.0,motion,2022-04-15
1650019850.0,1650020180.0,motion,2022-04-15
1650022090.0,1650022120.0,motion,2022-04-15
1650025440.0,1650025460.0,motion,2022-04-15
1650025850.0,1650026050.0,motion,2022-04-15
1650026660.0,1650026680.0,motion,2022-04-15
1650028110.0,1650028540.0,motion,2022-04-15
1650028940.0,1650029070.0,motion,2022-04-15
1650029580.0,1650029640.0,motion,2022-04-15
1650030580.0,1650032640.0,motion,2022-04-15
1650032950.0,1650040090.0,motion,2022-04-15
1650040460.0,1650040490.0,motion,2022-04-15
1650040920.0,1650041650.0,motion,2022-04-15
1650042710.0,1650042950.0,motion,2022-04-15
1649901690.0,1649902880.0,wake,2022-04-14
1649903480.0,1649903560.0,wake,2022-04-14
1649903900.0,1649905150.0,wake,2022-04-14
1649905540.0,1649905640.0,wake,2022-04-14
1649906290.0,1649906390.0,wake,2022-04-14
1649906860.0,1649909880.0,wake,2022-04-14
1649915130.0,1649915480.0,wake,2022-04-14
1649938570.0,1649938850.0,wake,2022-04-14
1649939800.0,1649939820.0,wake,2022-04-14
1649942430.0,1649942860.0,wake,2022-04-14
1649943260.0,1649947000.0,wake,2022-04-14
1649947470.0,1649949650.0,wake,2022-04-14
1649950000.0,1649950110.0,wake,2022-04-14
1649950480.0,1649950610.0,wake,2022-04-14
1649951880.0,1649951950.0,wake,2022-04-14
1649952280.0,1649953320.0,wake,2022-04-14
1649954100.0,1649955610.0,wake,2022-04-14
1649901620.0,1649902850.0,motion,2022-04-14
1649903230.0,1649905680.0,motion,2022-04-14
1649906080.0,1649906380.0,motion,2022-04-14
1649906730.0,1649909880.0,motion,2022-04-14
1649910240.0,1649910260.0,motion,2022-04-14
1649910810.0,1649910930.0,motion,2022-04-14
1649915080.0,1649915590.0,motion,2022-04-14
1649917770.0,1649917790.0,motion,2022-04-14
1649924480.0,1649924490.0,motion,2022-04-14
1649933000.0,1649933010.0,motion,2022-04-14
1649933800.0,1649934010.0,motion,2022-04-14
1649935810.0,1649936000.0,motion,2022-04-14
1649937320.0,1649937370.0,motion,2022-04-14
1649938510.0,1649938830.0,motion,2022-04-14
1649939160.0,1649939810.0,motion,2022-04-14
1649940450.0,1649940470.0,motion,2022-04-14
1649940970.0,1649941130.0,motion,2022-04-14
1649941550.0,1649941580.0,motion,2022-04-14
1649942390.0,1649946980.0,motion,2022-04-14
1649947420.0,1649950710.0,motion,2022-04-14
1649951110.0,1649951380.0,motion,2022-04-14
1649951840.0,1649951940.0,motion,2022-04-14
1649952250.0,1649955690.0,motion,2022-04-14
1649816290.0,1649816380.0,wake,2022-04-13
1649816700.0,1649817120.0,wake,2022-04-13
1649818450.0,1649818540.0,wake,2022-04-13
1649819460.0,1649819530.0,wake,2022-04-13
1649820460.0,1649821100.0,wake,2022-04-13
1649823610.0,1649823640.0,wake,2022-04-13
1649852000.0,1649853750.0,wake,2022-04-13
1649854070.0,1649854180.0,wake,2022-04-13
1649854490.0,1649856190.0,wake,2022-04-13
1649856510.0,1649857850.0,wake,2022-04-13
1649858380.0,1649858390.0,wake,2022-04-13
1649859080.0,1649859300.0,wake,2022-04-13
1649860080.0,1649860510.0,wake,2022-04-13
1649860850.0,1649861110.0,wake,2022-04-13
1649862030.0,1649862240.0,wake,2022-04-13
1649862590.0,1649866670.0,wake,2022-04-13
1649867220.0,1649867310.0,wake,2022-04-13
1649867620.0,1649869470.0,wake,2022-04-13
1649871600.0,1649871670.0,wake,2022-04-13
1649815280.0,1649815570.0,motion,2022-04-13
1649815880.0,1649818880.0,motion,2022-04-13
1649819270.0,1649821400.0,motion,2022-04-13
1649821750.0,1649821890.0,motion,2022-04-13
1649822420.0,1649822440.0,motion,2022-04-13
1649823550.0,1649823610.0,motion,2022-04-13
1649824020.0,1649824060.0,motion,2022-04-13
1649833230.0,1649833240.0,motion,2022-04-13
1649838250.0,1649838280.0,motion,2022-04-13
1649839400.0,1649839460.0,motion,2022-04-13
1649840590.0,1649840610.0,motion,2022-04-13
1649843570.0,1649843590.0,motion,2022-04-13
1649844270.0,1649844290.0,motion,2022-04-13
1649845270.0,1649845280.0,motion,2022-04-13
1649847540.0,1649847550.0,motion,2022-04-13
1649848750.0,1649848770.0,motion,2022-04-13
1649849570.0,1649849590.0,motion,2022-04-13
1649850070.0,1649850080.0,motion,2022-04-13
1649850440.0,1649850730.0,motion,2022-04-13
1649851870.0,1649860480.0,motion,2022-04-13
1649860790.0,1649870400.0,motion,2022-04-13
1649870720.0,1649871670.0,motion,2022-04-13
1649872330.0,1649872600.0,motion,2022-04-13
1650336400.0,1650336450.0,wake,2022-04-19
1650337940.0,1650338890.0,wake,2022-04-19
1650342060.0,1650342100.0,wake,2022-04-19
1650345360.0,1650346800.0,wake,2022-04-19
1650370390.0,1650372260.0,wake,2022-04-19
1650373210.0,1650373250.0,wake,2022-04-19
1650374750.0,1650374790.0,wake,2022-04-19
1650376470.0,1650376480.0,wake,2022-04-19
1650377380.0,1650377490.0,wake,2022-04-19
1650386490.0,1650386510.0,wake,2022-04-19
1650387040.0,1650387270.0,wake,2022-04-19
1650387950.0,1650388380.0,wake,2022-04-19
1650389260.0,1650389630.0,wake,2022-04-19
1650390030.0,1650390890.0,wake,2022-04-19
1650333800.0,1650334020.0,motion,2022-04-19
1650335690.0,1650335860.0,motion,2022-04-19
1650336330.0,1650336890.0,motion,2022-04-19
1650337220.0,1650337530.0,motion,2022-04-19
1650337860.0,1650340010.0,motion,2022-04-19
1650340430.0,1650340460.0,motion,2022-04-19
1650340860.0,1650341520.0,motion,2022-04-19
1650341930.0,1650342160.0,motion,2022-04-19
1650342680.0,1650343230.0,motion,2022-04-19
1650343630.0,1650344140.0,motion,2022-04-19
1650344510.0,1650347000.0,motion,2022-04-19
1650347500.0,1650347520.0,motion,2022-04-19
1650352830.0,1650352840.0,motion,2022-04-19
1650357190.0,1650357200.0,motion,2022-04-19
1650360100.0,1650360110.0,motion,2022-04-19
1650362690.0,1650362720.0,motion,2022-04-19
1650363790.0,1650363820.0,motion,2022-04-19
1650365260.0,1650365290.0,motion,2022-04-19
1650367960.0,1650367980.0,motion,2022-04-19
1650368520.0,1650368540.0,motion,2022-04-19
1650369990.0,1650370000.0,motion,2022-04-19
1650370320.0,1650375320.0,motion,2022-04-19
1650375640.0,1650375760.0,motion,2022-04-19
1650376190.0,1650377480.0,motion,2022-04-19
1650377950.0,1650377960.0,motion,2022-04-19
1650378320.0,1650378570.0,motion,2022-04-19
1650379010.0,1650380170.0,motion,2022-04-19
1650381310.0,1650381540.0,motion,2022-04-19
1650382400.0,1650382540.0,motion,2022-04-19
1650383060.0,1650383380.0,motion,2022-04-19
1650384130.0,1650384140.0,motion,2022-04-19
1650384460.0,1650384480.0,motion,2022-04-19
1650385090.0,1650385130.0,motion,2022-04-19
1650385820.0,1650386020.0,motion,2022-04-19
1650386390.0,1650391150.0,motion,2022-04-19
1650248540.0,1650248960.0,wake,2022-04-18
1650249910.0,1650250240.0,wake,2022-04-18
1650251210.0,1650251540.0,wake,2022-04-18
1650254020.0,1650254430.0,wake,2022-04-18
1650254950.0,1650255010.0,wake,2022-04-18
1650285890.0,1650285940.0,wake,2022-04-18
1650286790.0,1650287600.0,wake,2022-04-18
1650287910.0,1650288480.0,wake,2022-04-18
1650291120.0,1650291290.0,wake,2022-04-18
1650294900.0,1650295540.0,wake,2022-04-18
1650296030.0,1650296150.0,wake,2022-04-18
1650296510.0,1650298790.0,wake,2022-04-18
1650299780.0,1650300090.0,wake,2022-04-18
1650300990.0,1650302030.0,wake,2022-04-18
1650302440.0,1650302480.0,wake,2022-04-18
1650303980.0,1650304150.0,wake,2022-04-18
1650247360.0,1650247380.0,motion,2022-04-18
1650247770.0,1650249250.0,motion,2022-04-18
1650249870.0,1650250570.0,motion,2022-04-18
1650251140.0,1650251660.0,motion,2022-04-18
1650252010.0,1650252270.0,motion,2022-04-18
1650252660.0,1650252720.0,motion,2022-04-18
1650253150.0,1650253160.0,motion,2022-04-18
1650253520.0,1650253540.0,motion,2022-04-18
1650253970.0,1650254410.0,motion,2022-04-18
1650254900.0,1650255130.0,motion,2022-04-18
1650264760.0,1650264780.0,motion,2022-04-18
1650265550.0,1650265580.0,motion,2022-04-18
1650268770.0,1650268780.0,motion,2022-04-18
1650270020.0,1650270090.0,motion,2022-04-18
1650272180.0,1650272200.0,motion,2022-04-18
1650273260.0,1650273290.0,motion,2022-04-18
1650273850.0,1650273890.0,motion,2022-04-18
1650275260.0,1650275360.0,motion,2022-04-18
1650282520.0,1650282550.0,motion,2022-04-18
1650285220.0,1650285360.0,motion,2022-04-18
1650285840.0,1650290400.0,motion,2022-04-18
1650290850.0,1650291890.0,motion,2022-04-18
1650294840.0,1650304680.0,motion,2022-04-18
1650075350.0,1650075380.0,wake,2022-04-16
1650079190.0,1650079290.0,wake,2022-04-16
1650079850.0,1650080440.0,wake,2022-04-16
1650084370.0,1650084390.0,wake,2022-04-16
1650086270.0,1650086410.0,wake,2022-04-16
1650116310.0,1650116910.0,wake,2022-04-16
1650120740.0,1650120750.0,wake,2022-04-16
1650122380.0,1650122390.0,wake,2022-04-16
1650124400.0,1650125080.0,wake,2022-04-16
1650125390.0,1650125800.0,wake,2022-04-16
1650127230.0,1650127390.0,wake,2022-04-16
1650128460.0,1650128480.0,wake,2022-04-16
1650129000.0,1650129100.0,wake,2022-04-16
1650131630.0,1650131660.0,wake,2022-04-16
1650075290.0,1650075620.0,motion,2022-04-16
1650076430.0,1650076450.0,motion,2022-04-16
1650077090.0,1650077130.0,motion,2022-04-16
1650077540.0,1650080430.0,motion,2022-04-16
1650080740.0,1650080770.0,motion,2022-04-16
1650082740.0,1650083010.0,motion,2022-04-16
1650083990.0,1650084580.0,motion,2022-04-16
1650085010.0,1650085060.0,motion,2022-04-16
1650085370.0,1650086450.0,motion,2022-04-16
1650086910.0,1650087040.0,motion,2022-04-16
1650089770.0,1650089790.0,motion,2022-04-16
1650097360.0,1650097380.0,motion,2022-04-16
1650098140.0,1650098160.0,motion,2022-04-16
1650101570.0,1650101590.0,motion,2022-04-16
1650102910.0,1650102940.0,motion,2022-04-16
1650111080.0,1650111270.0,motion,2022-04-16
1650111620.0,1650111660.0,motion,2022-04-16
1650113770.0,1650113880.0,motion,2022-04-16
1650115990.0,1650116910.0,motion,2022-04-16
1650117460.0,1650117590.0,motion,2022-04-16
1650118130.0,1650118190.0,motion,2022-04-16
1650118770.0,1650118780.0,motion,2022-04-16
1650120650.0,1650121190.0,motion,2022-04-16
1650121690.0,1650121770.0,motion,2022-04-16
1650122310.0,1650122620.0,motion,2022-04-16
1650124330.0,1650128530.0,motion,2022-04-16
1650128930.0,1650129280.0,motion,2022-04-16
1650131450.0,1650131790.0,motion,2022-04-16
1650161000.0,1650161590.0,wake,2022-04-17
1650161930.0,1650161990.0,wake,2022-04-17
1650162570.0,1650163800.0,wake,2022-04-17
1650164490.0,1650165770.0,wake,2022-04-17
1650166110.0,1650167020.0,wake,2022-04-17
1650167840.0,1650167860.0,wake,2022-04-17
1650168330.0,1650168390.0,wake,2022-04-17
1650169630.0,1650169990.0,wake,2022-04-17
1650174530.0,1650174900.0,wake,2022-04-17
1650200050.0,1650200470.0,wake,2022-04-17
1650200900.0,1650201280.0,wake,2022-04-17
1650201890.0,1650202050.0,wake,2022-04-17
1650202450.0,1650202500.0,wake,2022-04-17
1650203480.0,1650205480.0,wake,2022-04-17
1650210060.0,1650210390.0,wake,2022-04-17
1650214200.0,1650214570.0,wake,2022-04-17
1650160930.0,1650168940.0,motion,2022-04-17
1650169470.0,1650170040.0,motion,2022-04-17
1650171840.0,1650171900.0,motion,2022-04-17
1650172220.0,1650172460.0,motion,2022-04-17
1650173040.0,1650173240.0,motion,2022-04-17
1650174360.0,1650174910.0,motion,2022-04-17
1650175570.0,1650175580.0,motion,2022-04-17
1650180980.0,1650180990.0,motion,2022-04-17
1650194660.0,1650194690.0,motion,2022-04-17
1650197350.0,1650197370.0,motion,2022-04-17
1650198130.0,1650198150.0,motion,2022-04-17
1650198460.0,1650198670.0,motion,2022-04-17
1650199480.0,1650205640.0,motion,2022-04-17
1650206610.0,1650206660.0,motion,2022-04-17
1650207050.0,1650207370.0,motion,2022-04-17
1650207790.0,1650208050.0,motion,2022-04-17
1650208390.0,1650209200.0,motion,2022-04-17
1650209880.0,1650210390.0,motion,2022-04-17
1650211630.0,1650211830.0,motion,2022-04-17
1650212180.0,1650212480.0,motion,2022-04-17
1650213360.0,1650213620.0,motion,2022-04-17
1650214130.0,1650215470.0,motion,2022-04-17
1650217480.0,1650217500.0,motion,2022-04-17
1650217920.0,1650217970.0,motion,2022-04-17
1649989550.0,1649990350.0,wake,2022-04-15
1649993160.0,1649993350.0,wake,2022-04-15
1649996060.0,1649996070.0,wake,2022-04-15
1649997930.0,1649998490.0,wake,2022-04-15
1650029040.0,1650029080.0,wake,2022-04-15
1650031020.0,1650032010.0,wake,2022-04-15
1650032420.0,1650032490.0,wake,2022-04-15
1650033010.0,1650033590.0,wake,2022-04-15
1650034190.0,1650034490.0,wake,2022-04-15
1650034960.0,1650035070.0,wake,2022-04-15
1650035620.0,1650038380.0,wake,2022-04-15
1650039190.0,1650039530.0,wake,2022-04-15
1650040000.0,1650040010.0,wake,2022-04-15
1649988910.0,1649991290.0,motion,2022-04-15
1649991680.0,1649992120.0,motion,2022-04-15
1649992660.0,1649993540.0,motion,2022-04-15
1649995990.0,1649996070.0,motion,2022-04-15
1649996440.0,1649997170.0,motion,2022-04-15
1649997710.0,1649998610.0,motion,2022-04-15
1649999160.0,1649999180.0,motion,2022-04-15
1650000320.0,1650000330.0,motion,2022-04-15
1650006340.0,1650006350.0,motion,2022-04-15
1650013660.0,1650013920.0,motion,2022-04-15
1650015090.0,1650015100.0,motion,2022-04-15
1650016290.0,1650016310.0,motion,2022-04-15
1650019050.0,1650019060.0,motion,2022-04-15
1650020160.0,1650020180.0,motion,2022-04-15
1650022100.0,1650022110.0,motion,2022-04-15
1650025440.0,1650025460.0,motion,2022-04-15
1650025850.0,1650025870.0,motion,2022-04-15
1650028110.0,1650028540.0,motion,2022-04-15
1650028950.0,1650029070.0,motion,2022-04-15
1650029590.0,1650029630.0,motion,2022-04-15
1650030580.0,1650032640.0,motion,2022-04-15
1650032960.0,1650039520.0,motion,2022-04-15
1650039910.0,1650040090.0,motion,2022-04-15
1650040470.0,1650040490.0,motion,2022-04-15
1650040920.0,1650040930.0,motion,2022-04-15
1650041510.0,1650041640.0,motion,2022-04-15
1650042720.0,1650042950.0,motion,2022-04-15
1649901970.0,1649902700.0,wake,2022-04-14
1649903930.0,1649904480.0,wake,2022-04-14
1649904830.0,1649905120.0,wake,2022-04-14
1649905570.0,1649905600.0,wake,2022-04-14
1649906310.0,1649906380.0,wake,2022-04-14
1649906880.0,1649906890.0,wake,2022-04-14
1649907340.0,1649907970.0,wake,2022-04-14
1649908330.0,1649908420.0,wake,2022-04-14
1649909030.0,1649909850.0,wake,2022-04-14
1649915130.0,1649915470.0,wake,2022-04-14
1649938750.0,1649938840.0,wake,2022-04-14
1649942440.0,1649942850.0,wake,2022-04-14
1649943300.0,1649943860.0,wake,2022-04-14
1649944180.0,1649944440.0,wake,2022-04-14
1649944820.0,1649946980.0,wake,2022-04-14
1649947530.0,1649949480.0,wake,2022-04-14
1649950040.0,1649950060.0,wake,2022-04-14
1649950500.0,1649950580.0,wake,2022-04-14
1649951910.0,1649951940.0,wake,2022-04-14
1649952300.0,1649952370.0,wake,2022-04-14
1649952990.0,1649953140.0,wake,2022-04-14
1649954240.0,1649955600.0,wake,2022-04-14
1649901620.0,1649902840.0,motion,2022-04-14
1649903230.0,1649905680.0,motion,2022-04-14
1649906090.0,1649906380.0,motion,2022-04-14
1649906730.0,1649909870.0,motion,2022-04-14
1649910240.0,1649910260.0,motion,2022-04-14
1649915080.0,1649915470.0,motion,2022-04-14
1649933000.0,1649933010.0,motion,2022-04-14
1649933990.0,1649934000.0,motion,2022-04-14
1649935810.0,1649935990.0,motion,2022-04-14
1649937320.0,1649937370.0,motion,2022-04-14
1649938510.0,1649938820.0,motion,2022-04-14
1649939170.0,1649939800.0,motion,2022-04-14
1649940450.0,1649940470.0,motion,2022-04-14
1649940970.0,1649941130.0,motion,2022-04-14
1649941570.0,1649941580.0,motion,2022-04-14
1649942390.0,1649946970.0,motion,2022-04-14
1649947430.0,1649950580.0,motion,2022-04-14
1649951110.0,1649951380.0,motion,2022-04-14
1649951840.0,1649951930.0,motion,2022-04-14
1649952260.0,1649953520.0,motion,2022-04-14
1649953990.0,1649955690.0,motion,2022-04-14
1649816310.0,1649816360.0,wake,2022-04-13
1649817050.0,1649817110.0,wake,2022-04-13
1649818520.0,1649818530.0,wake,2022-04-13
1649820500.0,1649821070.0,wake,2022-04-13
1649852060.0,1649853700.0,wake,2022-04-13
1649854160.0,1649854170.0,wake,2022-04-13
1649854500.0,1649856140.0,wake,2022-04-13
1649856520.0,1649857830.0,wake,2022-04-13
1649860090.0,1649860490.0,wake,2022-04-13
1649862170.0,1649862220.0,wake,2022-04-13
1649862660.0,1649863860.0,wake,2022-04-13
1649864190.0,1649865720.0,wake,2022-04-13
1649866040.0,1649866280.0,wake,2022-04-13
1649867260.0,1649867270.0,wake,2022-04-13
1649867630.0,1649867650.0,wake,2022-04-13
1649867960.0,1649867970.0,wake,2022-04-13
1649868280.0,1649868480.0,wake,2022-04-13
1649868810.0,1649869350.0,wake,2022-04-13
1649871610.0,1649871660.0,wake,2022-04-13
1649815280.0,1649815560.0,motion,2022-04-13
1649815960.0,1649818680.0,motion,2022-04-13
1649819280.0,1649821300.0,motion,2022-04-13
1649821750.0,1649821890.0,motion,2022-04-13
1649822420.0,1649822440.0,motion,2022-04-13
1649823550.0,1649823610.0,motion,2022-04-13
1649824020.0,1649824060.0,motion,2022-04-13
1649838250.0,1649838280.0,motion,2022-04-13
1649839410.0,1649839460.0,motion,2022-04-13
1649840590.0,1649840600.0,motion,2022-04-13
1649843570.0,1649843590.0,motion,2022-04-13
1649848750.0,1649848770.0,motion,2022-04-13
1649849570.0,1649849590.0,motion,2022-04-13
1649850710.0,1649850730.0,motion,2022-04-13
1649851880.0,1649860480.0,motion,2022-04-13
1649860790.0,1649861110.0,motion,2022-04-13
1649861690.0,1649869450.0,motion,2022-04-13
1649869790.0,1649870030.0,motion,2022-04-13
1649870340.0,1649870400.0,motion,2022-04-13
1649870720.0,1649870730.0,motion,2022-04-13
1649871070.0,1649871660.0,motion,2022-04-13
1649872330.0,1649872450.0,motion,2022-04-13
1650342070.0,1650342090.0,wake,2022-04-19
1650345480.0,1650346160.0,wake,2022-04-19
1650370950.0,1650371450.0,wake,2022-04-19
1650371760.0,1650371770.0,wake,2022-04-19
1650372150.0,1650372210.0,wake,2022-04-19
1650373220.0,1650373250.0,wake,2022-04-19
1650377410.0,1650377420.0,wake,2022-04-19
1650387060.0,1650387250.0,wake,2022-04-19
1650387960.0,1650388330.0,wake,2022-04-19
1650390270.0,1650390310.0,wake,2022-04-19
1650390830.0,1650390870.0,wake,2022-04-19
1650333810.0,1650333820.0,motion,2022-04-19
1650335840.0,1650335860.0,motion,2022-04-19
1650336340.0,1650336890.0,motion,2022-04-19
1650337220.0,1650337410.0,motion,2022-04-19
1650337860.0,1650339230.0,motion,2022-04-19
1650339550.0,1650340010.0,motion,2022-04-19
1650340430.0,1650340450.0,motion,2022-04-19
1650340880.0,1650341440.0,motion,2022-04-19
1650341930.0,1650342160.0,motion,2022-04-19
1650342680.0,1650343230.0,motion,2022-04-19
1650343910.0,1650344140.0,motion,2022-04-19
1650344510.0,1650346800.0,motion,2022-04-19
1650360100.0,1650360110.0,motion,2022-04-19
1650362690.0,1650362710.0,motion,2022-04-19
1650363800.0,1650363820.0,motion,2022-04-19
1650365260.0,1650365290.0,motion,2022-04-19
1650367960.0,1650367970.0,motion,2022-04-19
1650368520.0,1650368540.0,motion,2022-04-19
1650370320.0,1650374170.0,motion,2022-04-19
1650374700.0,1650375310.0,motion,2022-04-19
1650375640.0,1650375760.0,motion,2022-04-19
1650376320.0,1650377480.0,motion,2022-04-19
1650379030.0,1650379170.0,motion,2022-04-19
1650379550.0,1650379960.0,motion,2022-04-19
1650381310.0,1650381540.0,motion,2022-04-19
1650382410.0,1650382540.0,motion,2022-04-19
1650383060.0,1650383370.0,motion,2022-04-19
1650384470.0,1650384480.0,motion,2022-04-19
1650385100.0,1650385120.0,motion,2022-04-19
1650385850.0,1650385960.0,motion,2022-04-19
1650386390.0,1650387270.0,motion,2022-04-19
1650387810.0,1650388750.0,motion,2022-04-19
1650389110.0,1650391150.0,motion,2022-04-19
1650250120.0,1650250200.0,wake,2022-04-18
1650251410.0,1650251530.0,wake,2022-04-18
1650254040.0,1650254420.0,wake,2022-04-18
1650254970.0,1650255000.0,wake,2022-04-18
1650286810.0,1650286900.0,wake,2022-04-18
1650287400.0,1650287540.0,wake,2022-04-18
1650295040.0,1650295510.0,wake,2022-04-18
1650296030.0,1650296130.0,wake,2022-04-18
1650296560.0,1650296610.0,wake,2022-04-18
1650296920.0,1650297180.0,wake,2022-04-18
1650297680.0,1650298210.0,wake,2022-04-18
1650298580.0,1650298680.0,wake,2022-04-18
1650299810.0,1650300050.0,wake,2022-04-18
1650301020.0,1650301750.0,wake,2022-04-18
1650304100.0,1650304110.0,wake,2022-04-18
1650247360.0,1650247370.0,motion,2022-04-18
1650247860.0,1650248060.0,motion,2022-04-18
1650248400.0,1650249250.0,motion,2022-04-18
1650249870.0,1650250360.0,motion,2022-04-18
1650251150.0,1650251650.0,motion,2022-04-18
1650252030.0,1650252270.0,motion,2022-04-18
1650252660.0,1650252720.0,motion,2022-04-18
1650253520.0,1650253530.0,motion,2022-04-18
1650253970.0,1650254410.0,motion,2022-04-18
1650254900.0,1650255120.0,motion,2022-04-18
1650265550.0,1650265580.0,motion,2022-04-18
1650268770.0,1650268780.0,motion,2022-04-18
1650270020.0,1650270090.0,motion,2022-04-18
1650272180.0,1650272200.0,motion,2022-04-18
1650273260.0,1650273290.0,motion,2022-04-18
1650273860.0,1650273880.0,motion,2022-04-18
1650275260.0,1650275350.0,motion,2022-04-18
1650282530.0,1650282540.0,motion,2022-04-18
1650285340.0,1650285360.0,motion,2022-04-18
1650285850.0,1650285990.0,motion,2022-04-18
1650286370.0,1650288460.0,motion,2022-04-18
1650288780.0,1650290390.0,motion,2022-04-18
1650290850.0,1650291350.0,motion,2022-04-18
1650291730.0,1650291850.0,motion,2022-04-18
1650294840.0,1650299040.0,motion,2022-04-18
1650299400.0,1650300050.0,motion,2022-04-18
1650300400.0,1650302020.0,motion,2022-04-18
1650302360.0,1650304680.0,motion,2022-04-18
1650079220.0,1650079270.0,wake,2022-04-16
1650080110.0,1650080140.0,wake,2022-04-16
1650086300.0,1650086380.0,wake,2022-04-16
1650116630.0,1650116740.0,wake,2022-04-16
1650124560.0,1650125060.0,wake,2022-04-16
1650125410.0,1650125510.0,wake,2022-04-16
1650127310.0,1650127330.0,wake,2022-04-16
1650075290.0,1650075540.0,motion,2022-04-16
1650076430.0,1650076450.0,motion,2022-04-16
1650077100.0,1650077130.0,motion,2022-04-16
1650077550.0,1650080410.0,motion,2022-04-16
1650080740.0,1650080750.0,motion,2022-04-16
1650082740.0,1650083000.0,motion,2022-04-16
1650083990.0,1650084570.0,motion,2022-04-16
1650085010.0,1650085050.0,motion,2022-04-16
1650085390.0,1650086380.0,motion,2022-04-16
1650086970.0,1650087030.0,motion,2022-04-16
1650097360.0,1650097370.0,motion,2022-04-16
1650098140.0,1650098160.0,motion,2022-04-16
1650102920.0,1650102940.0,motion,2022-04-16
1650111080.0,1650111270.0,motion,2022-04-16
1650111620.0,1650111660.0,motion,2022-04-16
1650113850.0,1650113880.0,motion,2022-04-16
1650115990.0,1650116910.0,motion,2022-04-16
1650117470.0,1650117590.0,motion,2022-04-16
1650118180.0,1650118190.0,motion,2022-04-16
1650118770.0,1650118780.0,motion,2022-04-16
1650120650.0,1650120860.0,motion,2022-04-16
1650121740.0,1650121770.0,motion,2022-04-16
1650122310.0,1650122530.0,motion,2022-04-16
1650124330.0,1650126080.0,motion,2022-04-16
1650126630.0,1650128020.0,motion,2022-04-16
1650128340.0,1650128530.0,motion,2022-04-16
1650128940.0,1650129090.0,motion,2022-04-16
1650131460.0,1650131790.0,motion,2022-04-16
1650161450.0,1650161460.0,wake,2022-04-17
1650162590.0,1650162960.0,wake,2022-04-17
1650163380.0,1650163790.0,wake,2022-04-17
1650164730.0,1650164760.0,wake,2022-04-17
1650165130.0,1650165420.0,wake,2022-04-17
1650166160.0,1650166280.0,wake,2022-04-17
1650169650.0,1650169960.0,wake,2022-04-17
1650174550.0,1650174880.0,wake,2022-04-17
1650200070.0,1650200380.0,wake,2022-04-17
1650200940.0,1650201240.0,wake,2022-04-17
1650201950.0,1650201990.0,wake,2022-04-17
1650203820.0,1650204180.0,wake,2022-04-17
1650204690.0,1650205290.0,wake,2022-04-17
1650210140.0,1650210230.0,wake,2022-04-17
1650160930.0,1650162070.0,motion,2022-04-17
1650162540.0,1650167040.0,motion,2022-04-17
1650167490.0,1650168390.0,motion,2022-04-17
1650168700.0,1650168930.0,motion,2022-04-17
1650169480.0,1650170040.0,motion,2022-04-17
1650171850.0,1650171860.0,motion,2022-04-17
1650172240.0,1650172450.0,motion,2022-04-17
1650174360.0,1650174890.0,motion,2022-04-17
1650175570.0,1650175580.0,motion,2022-04-17
1650194660.0,1650194690.0,motion,2022-04-17
1650197350.0,1650197370.0,motion,2022-04-17
1650198130.0,1650198150.0,motion,2022-04-17
1650198460.0,1650198670.0,motion,2022-04-17
1650199480.0,1650202480.0,motion,2022-04-17
1650202800.0,1650205480.0,motion,2022-04-17
1650206620.0,1650206630.0,motion,2022-04-17
1650207050.0,1650207360.0,motion,2022-04-17
1650207790.0,1650208050.0,motion,2022-04-17
1650208390.0,1650209200.0,motion,2022-04-17
1650209880.0,1650210380.0,motion,2022-04-17
1650212450.0,1650212460.0,motion,2022-04-17
1650213360.0,1650213620.0,motion,2022-04-17
1650214140.0,1650214840.0,motion,2022-04-17
1650215150.0,1650215360.0,motion,2022-04-17
1650217480.0,1650217500.0,motion,2022-04-17
1650217920.0,1650217970.0,motion,2022-04-17
1649989560.0,1649990040.0,wake,2022-04-15
1649998160.0,1649998450.0,wake,2022-04-15
1650031060.0,1650031830.0,wake,2022-04-15
1650033560.0,1650033570.0,wake,2022-04-15
1650034450.0,1650034460.0,wake,2022-04-15
1650034970.0,1650034990.0,wake,2022-04-15
1650035790.0,1650036670.0,wake,2022-04-15
1650037060.0,1650038330.0,wake,2022-04-15
1650039450.0,1650039520.0,wake,2022-04-15
1649989020.0,1649991280.0,motion,2022-04-15
1649991730.0,1649992060.0,motion,2022-04-15
1649992740.0,1649993440.0,motion,2022-04-15
1649995990.0,1649996070.0,motion,2022-04-15
1649996440.0,1649997130.0,motion,2022-04-15
1649997710.0,1649998560.0,motion,2022-04-15
1649999170.0,1649999180.0,motion,2022-04-15
1650000320.0,1650000330.0,motion,2022-04-15
1650013670.0,1650013920.0,motion,2022-04-15
1650016300.0,1650016310.0,motion,2022-04-15
1650019050.0,1650019060.0,motion,2022-04-15
1650020160.0,1650020170.0,motion,2022-04-15
1650022100.0,1650022110.0,motion,2022-04-15
1650025440.0,1650025450.0,motion,2022-04-15
1650025850.0,1650025860.0,motion,2022-04-15
1650028110.0,1650028540.0,motion,2022-04-15
1650028950.0,1650029070.0,motion,2022-04-15
1650029590.0,1650029630.0,motion,2022-04-15
1650030580.0,1650032640.0,motion,2022-04-15
1650032960.0,1650039520.0,motion,2022-04-15
1650039960.0,1650040080.0,motion,2022-04-15
1650040470.0,1650040480.0,motion,2022-04-15
1650041610.0,1650041640.0,motion,2022-04-15
1650042860.0,1650042950.0,motion,2022-04-15
1649902020.0,1649902560.0,wake,2022-04-14
1649903940.0,1649904030.0,wake,2022-04-14
1649904390.0,1649904440.0,wake,2022-04-14
1649904850.0,1649904920.0,wake,2022-04-14
1649909100.0,1649909570.0,wake,2022-04-14
1649915160.0,1649915180.0,wake,2022-04-14
1649938780.0,1649938830.0,wake,2022-04-14
1649942460.0,1649942800.0,wake,2022-04-14
1649944980.0,1649945280.0,wake,2022-04-14
1649945650.0,1649945770.0,wake,2022-04-14
1649946080.0,1649946510.0,wake,2022-04-14
1649947580.0,1649947730.0,wake,2022-04-14
1649948040.0,1649948660.0,wake,2022-04-14
1649952320.0,1649952360.0,wake,2022-04-14
1649954250.0,1649955050.0,wake,2022-04-14
1649955490.0,1649955590.0,wake,2022-04-14
1649901620.0,1649902840.0,motion,2022-04-14
1649903360.0,1649903550.0,motion,2022-04-14
1649903880.0,1649905640.0,motion,2022-04-14
1649906090.0,1649906380.0,motion,2022-04-14
1649906740.0,1649909840.0,motion,2022-04-14
1649910250.0,1649910260.0,motion,2022-04-14
1649915080.0,1649915470.0,motion,2022-04-14
1649933000.0,1649933010.0,motion,2022-04-14
1649933990.0,1649934000.0,motion,2022-04-14
1649935970.0,1649935990.0,motion,2022-04-14
1649937320.0,1649937370.0,motion,2022-04-14
1649938520.0,1649938820.0,motion,2022-04-14
1649939190.0,1649939320.0,motion,2022-04-14
1649939770.0,1649939800.0,motion,2022-04-14
1649942390.0,1649942910.0,motion,2022-04-14
1649943230.0,1649946970.0,motion,2022-04-14
1649947430.0,1649950570.0,motion,2022-04-14
1649951350.0,1649951380.0,motion,2022-04-14
1649951850.0,1649951900.0,motion,2022-04-14
1649952260.0,1649953520.0,motion,2022-04-14
1649954100.0,1649955580.0,motion,2022-04-14
1649820930.0,1649820940.0,wake,2022-04-13
1649852110.0,1649852140.0,wake,2022-04-13
1649852650.0,1649852810.0,wake,2022-04-13
1649854750.0,1649855030.0,wake,2022-04-13
1649855830.0,1649856110.0,wake,2022-04-13
1649856530.0,1649856740.0,wake,2022-04-13
1649857400.0,1649857480.0,wake,2022-04-13
1649860340.0,1649860480.0,wake,2022-04-13
1649863330.0,1649863390.0,wake,2022-04-13
1649864320.0,1649864330.0,wake,2022-04-13
1649864680.0,1649865290.0,wake,2022-04-13
1649866090.0,1649866270.0,wake,2022-04-13
1649869170.0,1649869180.0,wake,2022-04-13
1649815540.0,1649815560.0,motion,2022-04-13
1649815960.0,1649817630.0,motion,2022-04-13
1649818050.0,1649818530.0,motion,2022-04-13
1649819280.0,1649819470.0,motion,2022-04-13
1649819810.0,1649819830.0,motion,2022-04-13
1649820190.0,1649821050.0,motion,2022-04-13
1649821750.0,1649821880.0,motion,2022-04-13
1649823560.0,1649823600.0,motion,2022-04-13
1649824030.0,1649824060.0,motion,2022-04-13
1649838260.0,1649838270.0,motion,2022-04-13
1649839410.0,1649839460.0,motion,2022-04-13
1649843570.0,1649843590.0,motion,2022-04-13
1649848750.0,1649848770.0,motion,2022-04-13
1649849570.0,1649849590.0,motion,2022-04-13
1649850710.0,1649850730.0,motion,2022-04-13
1649851930.0,1649859300.0,motion,2022-04-13
1649859630.0,1649860470.0,motion,2022-04-13
1649860790.0,1649861100.0,motion,2022-04-13
1649861710.0,1649869440.0,motion,2022-04-13
1649869790.0,1649870030.0,motion,2022-04-13
1649870340.0,1649870360.0,motion,2022-04-13
1649871070.0,1649871620.0,motion,2022-04-13
1649872330.0,1649872450.0,motion,2022-04-13
1650346070.0,1650346130.0,wake,2022-04-19
1650387190.0,1650387200.0,wake,2022-04-19
1650387980.0,1650388060.0,wake,2022-04-19
1650335840.0,1650335860.0,motion,2022-04-19
1650336350.0,1650336880.0,motion,2022-04-19
1650337220.0,1650337230.0,motion,2022-04-19
1650337860.0,1650338950.0,motion,2022-04-19
1650339560.0,1650340010.0,motion,2022-04-19
1650340430.0,1650340450.0,motion,2022-04-19
1650341140.0,1650341440.0,motion,2022-04-19
1650342030.0,1650342090.0,motion,2022-04-19
1650342690.0,1650343230.0,motion,2022-04-19
1650343990.0,1650344140.0,motion,2022-04-19
1650344520.0,1650346800.0,motion,2022-04-19
1650362690.0,1650362710.0,motion,2022-04-19
1650363800.0,1650363810.0,motion,2022-04-19
1650365270.0,1650365280.0,motion,2022-04-19
1650368520.0,1650368540.0,motion,2022-04-19
1650370330.0,1650372230.0,motion,2022-04-19
1650372620.0,1650373250.0,motion,2022-04-19
1650373860.0,1650374170.0,motion,2022-04-19
1650374700.0,1650375310.0,motion,2022-04-19
1650376330.0,1650376430.0,motion,2022-04-19
1650376750.0,1650376760.0,motion,2022-04-19
1650377340.0,1650377470.0,motion,2022-04-19
1650379150.0,1650379160.0,motion,2022-04-19
1650379550.0,1650379870.0,motion,2022-04-19
1650381520.0,1650381540.0,motion,2022-04-19
1650382410.0,1650382520.0,motion,2022-04-19
1650383060.0,1650383370.0,motion,2022-04-19
1650385100.0,1650385120.0,motion,2022-04-19
1650385850.0,1650385870.0,motion,2022-04-19
1650386400.0,1650387210.0,motion,2022-04-19
1650387900.0,1650388330.0,motion,2022-04-19
1650388720.0,1650388750.0,motion,2022-04-19
1650389120.0,1650391150.0,motion,2022-04-19
1650251460.0,1650251510.0,wake,2022-04-18
1650254370.0,1650254400.0,wake,2022-04-18
1650286830.0,1650286860.0,wake,2022-04-18
1650295470.0,1650295480.0,wake,2022-04-18
1650297710.0,1650297720.0,wake,2022-04-18
1650301150.0,1650301710.0,wake,2022-04-18
1650247860.0,1650248020.0,motion,2022-04-18
1650248400.0,1650249250.0,motion,2022-04-18
1650249880.0,1650250340.0,motion,2022-04-18
1650251150.0,1650251650.0,motion,2022-04-18
1650252660.0,1650252710.0,motion,2022-04-18
1650253980.0,1650254410.0,motion,2022-04-18
1650254910.0,1650255100.0,motion,2022-04-18
1650265560.0,1650265580.0,motion,2022-04-18
1650270020.0,1650270090.0,motion,2022-04-18
1650272190.0,1650272200.0,motion,2022-04-18
1650273280.0,1650273290.0,motion,2022-04-18
1650273860.0,1650273880.0,motion,2022-04-18
1650275270.0,1650275350.0,motion,2022-04-18
1650282530.0,1650282540.0,motion,2022-04-18
1650285850.0,1650285990.0,motion,2022-04-18
1650286370.0,1650288460.0,motion,2022-04-18
1650289000.0,1650289010.0,motion,2022-04-18
1650289390.0,1650290260.0,motion,2022-04-18
1650290850.0,1650291280.0,motion,2022-04-18
1650291740.0,1650291840.0,motion,2022-04-18
1650294840.0,1650299040.0,motion,2022-04-18
1650299640.0,1650300050.0,motion,2022-04-18
1650300410.0,1650300520.0,motion,2022-04-18
1650300990.0,1650302020.0,motion,2022-04-18
1650302370.0,1650302940.0,motion,2022-04-18
1650303380.0,1650303500.0,motion,2022-04-18
1650303810.0,1650304680.0,motion,2022-04-18
1650124770.0,1650124780.0,wake,2022-04-16
1650125450.0,1650125460.0,wake,2022-04-16
1650075290.0,1650075360.0,motion,2022-04-16
1650076430.0,1650076450.0,motion,2022-04-16
1650077100.0,1650077130.0,motion,2022-04-16
1650077550.0,1650078120.0,motion,2022-04-16
1650078650.0,1650080400.0,motion,2022-04-16
1650082740.0,1650082760.0,motion,2022-04-16
1650083990.0,1650084570.0,motion,2022-04-16
1650085010.0,1650085050.0,motion,2022-04-16
1650085390.0,1650085720.0,motion,2022-04-16
1650086070.0,1650086380.0,motion,2022-04-16
1650097360.0,1650097370.0,motion,2022-04-16
1650098140.0,1650098160.0,motion,2022-04-16
1650102920.0,1650102940.0,motion,2022-04-16
1650111090.0,1650111270.0,motion,2022-04-16
1650111620.0,1650111660.0,motion,2022-04-16
1650113850.0,1650113880.0,motion,2022-04-16
1650116000.0,1650116910.0,motion,2022-04-16
1650117470.0,1650117590.0,motion,2022-04-16
1650120660.0,1650120860.0,motion,2022-04-16
1650121740.0,1650121760.0,motion,2022-04-16
1650122310.0,1650122520.0,motion,2022-04-16
1650124330.0,1650126070.0,motion,2022-04-16
1650126840.0,1650126850.0,motion,2022-04-16
1650127160.0,1650127340.0,motion,2022-04-16
1650127860.0,1650128020.0,motion,2022-04-16
1650128340.0,1650128520.0,motion,2022-04-16
1650128940.0,1650129080.0,motion,2022-04-16
1650131460.0,1650131780.0,motion,2022-04-16
1650162620.0,1650162690.0,wake,2022-04-17
1650166190.0,1650166270.0,wake,2022-04-17
1650169880.0,1650169930.0,wake,2022-04-17
1650200950.0,1650201000.0,wake,2022-04-17
1650203850.0,1650203900.0,wake,2022-04-17
1650160930.0,1650162070.0,motion,2022-04-17
1650162540.0,1650164740.0,motion,2022-04-17
1650165060.0,1650167030.0,motion,2022-04-17
1650167500.0,1650168390.0,motion,2022-04-17
1650168700.0,1650168740.0,motion,2022-04-17
1650169610.0,1650170040.0,motion,2022-04-17
1650171850.0,1650171860.0,motion,2022-04-17
1650172300.0,1650172440.0,motion,2022-04-17
1650174360.0,1650174880.0,motion,2022-04-17
1650194670.0,1650194680.0,motion,2022-04-17
1650198130.0,1650198150.0,motion,2022-04-17
1650198550.0,1650198670.0,motion,2022-04-17
1650199480.0,1650201410.0,motion,2022-04-17
1650201760.0,1650202480.0,motion,2022-04-17
1650202800.0,1650203010.0,motion,2022-04-17
1650203410.0,1650205480.0,motion,2022-04-17
1650207350.0,1650207360.0,motion,2022-04-17
1650207790.0,1650207800.0,motion,2022-04-17
1650208390.0,1650209200.0,motion,2022-04-17
1650209880.0,1650210380.0,motion,2022-04-17
1650213360.0,1650213620.0,motion,2022-04-17
1650214150.0,1650214620.0,motion,2022-04-17
1650215350.0,1650215360.0,motion,2022-04-17
1650217490.0,1650217500.0,motion,2022-04-17
1650217930.0,1650217970.0,motion,2022-04-17
1649989600.0,1649989660.0,wake,2022-04-15
1650031740.0,1650031790.0,wake,2022-04-15
1650035940.0,1650035950.0,wake,2022-04-15
1650036290.0,1650036640.0,wake,2022-04-15
1650037120.0,1650037140.0,wake,2022-04-15
1650037530.0,1650037610.0,wake,2022-04-15
1649989020.0,1649989200.0,motion,2022-04-15
1649989520.0,1649990920.0,motion,2022-04-15
1649991260.0,1649991280.0,motion,2022-04-15
1649992740.0,1649992770.0,motion,2022-04-15
1649993080.0,1649993400.0,motion,2022-04-15
1649996000.0,1649996030.0,motion,2022-04-15
1649996450.0,1649996800.0,motion,2022-04-15
1649997710.0,1649998560.0,motion,2022-04-15
1649999170.0,1649999180.0,motion,2022-04-15
1650013670.0,1650013920.0,motion,2022-04-15
1650016300.0,1650016310.0,motion,2022-04-15
1650019050.0,1650019060.0,motion,2022-04-15
1650020160.0,1650020170.0,motion,2022-04-15
1650022100.0,1650022110.0,motion,2022-04-15
1650025440.0,1650025450.0,motion,2022-04-15
1650028950.0,1650029070.0,motion,2022-04-15
1650029590.0,1650029630.0,motion,2022-04-15
1650030580.0,1650032540.0,motion,2022-04-15
1650032980.0,1650034470.0,motion,2022-04-15
1650034900.0,1650035040.0,motion,2022-04-15
1650035430.0,1650038640.0,motion,2022-04-15
1650039050.0,1650039510.0,motion,2022-04-15
1650039990.0,1650040010.0,motion,2022-04-15
1650041610.0,1650041640.0,motion,2022-04-15
1650042860.0,1650042940.0,motion,2022-04-15
1649902470.0,1649902480.0,wake,2022-04-14
1649903980.0,1649904010.0,wake,2022-04-14
1649909340.0,1649909540.0,wake,2022-04-14
1649942470.0,1649942760.0,wake,2022-04-14
1649945040.0,1649945120.0,wake,2022-04-14
1649945670.0,1649945720.0,wake,2022-04-14
1649947600.0,1649947650.0,wake,2022-04-14
1649954500.0,1649954600.0,wake,2022-04-14
1649955560.0,1649955570.0,wake,2022-04-14
1649901630.0,1649902830.0,motion,2022-04-14
1649903360.0,1649903550.0,motion,2022-04-14
1649903890.0,1649905080.0,motion,2022-04-14
1649905510.0,1649905590.0,motion,2022-04-14
1649906090.0,1649906330.0,motion,2022-04-14
1649906810.0,1649909820.0,motion,2022-04-14
1649915080.0,1649915410.0,motion,2022-04-14
1649933000.0,1649933010.0,motion,2022-04-14
1649935980.0,1649935990.0,motion,2022-04-14
1649937320.0,1649937360.0,motion,2022-04-14
1649938520.0,1649938820.0,motion,2022-04-14
1649939300.0,1649939320.0,motion,2022-04-14
1649939770.0,1649939790.0,motion,2022-04-14
1649942390.0,1649942910.0,motion,2022-04-14
1649943250.0,1649946960.0,motion,2022-04-14
1649947430.0,1649949430.0,motion,2022-04-14
1649949970.0,1649950560.0,motion,2022-04-14
1649951360.0,1649951380.0,motion,2022-04-14
1649951850.0,1649951890.0,motion,2022-04-14
1649952260.0,1649953520.0,motion,2022-04-14
1649954110.0,1649955580.0,motion,2022-04-14
1649815540.0,1649815560.0,motion,2022-04-13
1649815960.0,1649816340.0,motion,2022-04-13
1649816680.0,1649817490.0,motion,2022-04-13
1649818050.0,1649818530.0,motion,2022-04-13
1649819300.0,1649819460.0,motion,2022-04-13
1649819810.0,1649819830.0,motion,2022-04-13
1649820310.0,1649821040.0,motion,2022-04-13
1649823560.0,1649823600.0,motion,2022-04-13
1649824030.0,1649824060.0,motion,2022-04-13
1649838260.0,1649838270.0,motion,2022-04-13
1649839410.0,1649839420.0,motion,2022-04-13
1649843570.0,1649843590.0,motion,2022-04-13
1649848760.0,1649848770.0,motion,2022-04-13
1649850710.0,1649850720.0,motion,2022-04-13
1649851990.0,1649857990.0,motion,2022-04-13
1649858360.0,1649859300.0,motion,2022-04-13
1649859790.0,1649860470.0,motion,2022-04-13
1649860790.0,1649860820.0,motion,2022-04-13
1649861710.0,1649862310.0,motion,2022-04-13
1649862630.0,1649867250.0,motion,2022-04-13
1649867600.0,1649869430.0,motion,2022-04-13
1649869810.0,1649869820.0,motion,2022-04-13
1649870340.0,1649870350.0,motion,2022-04-13
1649871070.0,1649871250.0,motion,2022-04-13
1649871560.0,1649871620.0,motion,2022-04-13
1649872330.0,1649872360.0,motion,2022-04-13
1650335840.0,1650335860.0,motion,2022-04-19
1650336350.0,1650336590.0,motion,2022-04-19
1650337950.0,1650338900.0,motion,2022-04-19
1650339560.0,1650340010.0,motion,2022-04-19
1650340430.0,1650340440.0,motion,2022-04-19
1650341140.0,1650341420.0,motion,2022-04-19
1650342030.0,1650342090.0,motion,2022-04-19
1650342830.0,1650343230.0,motion,2022-04-19
1650344000.0,1650344140.0,motion,2022-04-19
1650344610.0,1650344630.0,motion,2022-04-19
1650344990.0,1650346790.0,motion,2022-04-19
1650363800.0,1650363810.0,motion,2022-04-19
1650365270.0,1650365280.0,motion,2022-04-19
1650370330.0,1650372210.0,motion,2022-04-19
1650372620.0,1650372640.0,motion,2022-04-19
1650373160.0,1650373240.0,motion,2022-04-19
1650373860.0,1650374170.0,motion,2022-04-19
1650374710.0,1650374750.0,motion,2022-04-19
1650375090.0,1650375100.0,motion,2022-04-19
1650376330.0,1650376420.0,motion,2022-04-19
1650377350.0,1650377470.0,motion,2022-04-19
1650379150.0,1650379160.0,motion,2022-04-19
1650381520.0,1650381540.0,motion,2022-04-19
1650382490.0,1650382520.0,motion,2022-04-19
1650386420.0,1650386600.0,motion,2022-04-19
1650386910.0,1650387210.0,motion,2022-04-19
1650387910.0,1650388330.0,motion,2022-04-19
1650388720.0,1650388740.0,motion,2022-04-19
1650389200.0,1650391140.0,motion,2022-04-19
1650301200.0,1650301250.0,wake,2022-04-18
1650301650.0,1650301690.0,wake,2022-04-18
1650248010.0,1650248020.0,motion,2022-04-18
1650248490.0,1650248960.0,motion,2022-04-18
1650249880.0,1650250210.0,motion,2022-04-18
1650251150.0,1650251650.0,motion,2022-04-18
1650252660.0,1650252710.0,motion,2022-04-18
1650253980.0,1650254410.0,motion,2022-04-18
1650254920.0,1650254980.0,motion,2022-04-18
1650265560.0,1650265580.0,motion,2022-04-18
1650270020.0,1650270040.0,motion,2022-04-18
1650272190.0,1650272200.0,motion,2022-04-18
1650273870.0,1650273880.0,motion,2022-04-18
1650275270.0,1650275350.0,motion,2022-04-18
1650282530.0,1650282540.0,motion,2022-04-18
1650285850.0,1650285880.0,motion,2022-04-18
1650286370.0,1650286380.0,motion,2022-04-18
1650286750.0,1650288420.0,motion,2022-04-18
1650289000.0,1650289010.0,motion,2022-04-18
1650289490.0,1650290060.0,motion,2022-04-18
1650291160.0,1650291270.0,motion,2022-04-18
1650291820.0,1650291830.0,motion,2022-04-18
1650294860.0,1650296130.0,motion,2022-04-18
1650296500.0,1650297180.0,motion,2022-04-18
1650297510.0,1650299030.0,motion,2022-04-18
1650299640.0,1650300050.0,motion,2022-04-18
1650300990.0,1650301970.0,motion,2022-04-18
1650302370.0,1650302720.0,motion,2022-04-18
1650303480.0,1650303500.0,motion,2022-04-18
1650303940.0,1650304680.0,motion,2022-04-18
1650075300.0,1650075360.0,motion,2022-04-16
1650076430.0,1650076440.0,motion,2022-04-16
1650077100.0,1650077120.0,motion,2022-04-16
1650077550.0,1650077570.0,motion,2022-04-16
1650079150.0,1650079250.0,motion,2022-04-16
1650079850.0,1650080400.0,motion,2022-04-16
1650083990.0,1650084020.0,motion,2022-04-16
1650084330.0,1650084570.0,motion,2022-04-16
1650085020.0,1650085040.0,motion,2022-04-16
1650085710.0,1650085720.0,motion,2022-04-16
1650086220.0,1650086370.0,motion,2022-04-16
1650098140.0,1650098160.0,motion,2022-04-16
1650102920.0,1650102930.0,motion,2022-04-16
1650111090.0,1650111270.0,motion,2022-04-16
1650111620.0,1650111650.0,motion,2022-04-16
1650113850.0,1650113870.0,motion,2022-04-16
1650116000.0,1650116900.0,motion,2022-04-16
1650117470.0,1650117480.0,motion,2022-04-16
1650120660.0,1650120850.0,motion,2022-04-16
1650121740.0,1650121760.0,motion,2022-04-16
1650122310.0,1650122520.0,motion,2022-04-16
1650124330.0,1650125060.0,motion,2022-04-16
1650125370.0,1650126070.0,motion,2022-04-16
1650127200.0,1650127330.0,motion,2022-04-16
1650127860.0,1650127890.0,motion,2022-04-16
1650128430.0,1650128440.0,motion,2022-04-16
1650128950.0,1650129080.0,motion,2022-04-16
1650131460.0,1650131780.0,motion,2022-04-16
1650160940.0,1650161550.0,motion,2022-04-17
1650161890.0,1650162060.0,motion,2022-04-17
1650162550.0,1650164740.0,motion,2022-04-17
1650165060.0,1650167000.0,motion,2022-04-17
1650167530.0,1650168390.0,motion,2022-04-17
1650168710.0,1650168740.0,motion,2022-04-17
1650169610.0,1650169970.0,motion,2022-04-17
1650172420.0,1650172440.0,motion,2022-04-17
1650174370.0,1650174880.0,motion,2022-04-17
1650198140.0,1650198150.0,motion,2022-04-17
1650198550.0,1650198560.0,motion,2022-04-17
1650199480.0,1650199650.0,motion,2022-04-17
1650199990.0,1650200560.0,motion,2022-04-17
1650200880.0,1650201400.0,motion,2022-04-17
1650201760.0,1650202470.0,motion,2022-04-17
1650203420.0,1650204160.0,motion,2022-04-17
1650204480.0,1650205470.0,motion,2022-04-17
1650208390.0,1650208400.0,motion,2022-04-17
1650208900.0,1650208910.0,motion,2022-04-17
1650209890.0,1650210360.0,motion,2022-04-17
1650213360.0,1650213600.0,motion,2022-04-17
1650214150.0,1650214530.0,motion,2022-04-17
1650217490.0,1650217500.0,motion,2022-04-17
1649989030.0,1649989040.0,motion,2022-04-15
1649989520.0,1649990310.0,motion,2022-04-15
1649992740.0,1649992770.0,motion,2022-04-15
1649993080.0,1649993330.0,motion,2022-04-15
1649996000.0,1649996020.0,motion,2022-04-15
1649996450.0,1649996480.0,motion,2022-04-15
1649997710.0,1649998460.0,motion,2022-04-15
1649999170.0,1649999180.0,motion,2022-04-15
1650013670.0,1650013680.0,motion,2022-04-15
1650022100.0,1650022110.0,motion,2022-04-15
1650025440.0,1650025450.0,motion,2022-04-15
1650028950.0,1650029070.0,motion,2022-04-15
1650029590.0,1650029630.0,motion,2022-04-15
1650030580.0,1650030590.0,motion,2022-04-15
1650030990.0,1650032440.0,motion,2022-04-15
1650032980.0,1650034470.0,motion,2022-04-15
1650034900.0,1650035040.0,motion,2022-04-15
1650035580.0,1650038640.0,motion,2022-04-15
1650039280.0,1650039510.0,motion,2022-04-15
1650040000.0,1650040010.0,motion,2022-04-15
1650041620.0,1650041630.0,motion,2022-04-15
1650042920.0,1650042940.0,motion,2022-04-15
1649901630.0,1649902820.0,motion,2022-04-14
1649903360.0,1649903380.0,motion,2022-04-14
1649903890.0,1649904440.0,motion,2022-04-14
1649904790.0,1649905060.0,motion,2022-04-14
1649905550.0,1649905560.0,motion,2022-04-14
1649906090.0,1649906330.0,motion,2022-04-14
1649907030.0,1649908600.0,motion,2022-04-14
1649909010.0,1649909800.0,motion,2022-04-14
1649915090.0,1649915410.0,motion,2022-04-14
1649935980.0,1649935990.0,motion,2022-04-14
1649937320.0,1649937360.0,motion,2022-04-14
1649938520.0,1649938810.0,motion,2022-04-14
1649939770.0,1649939790.0,motion,2022-04-14
1649942390.0,1649942790.0,motion,2022-04-14
1649943250.0,1649943850.0,motion,2022-04-14
1649944180.0,1649946600.0,motion,2022-04-14
1649946920.0,1649946950.0,motion,2022-04-14
1649947430.0,1649949420.0,motion,2022-04-14
1649949970.0,1649950000.0,motion,2022-04-14
1649950450.0,1649950550.0,motion,2022-04-14
1649951860.0,1649951890.0,motion,2022-04-14
1649952270.0,1649953280.0,motion,2022-04-14
1649954190.0,1649955580.0,motion,2022-04-14
1649815540.0,1649815560.0,motion,2022-04-13
1649816220.0,1649816230.0,motion,2022-04-13
1649816700.0,1649816720.0,motion,2022-04-13
1649817030.0,1649817040.0,motion,2022-04-13
1649818290.0,1649818460.0,motion,2022-04-13
1649819410.0,1649819420.0,motion,2022-04-13
1649820310.0,1649821040.0,motion,2022-04-13
1649823560.0,1649823590.0,motion,2022-04-13
1649824040.0,1649824050.0,motion,2022-04-13
1649838260.0,1649838270.0,motion,2022-04-13
1649848760.0,1649848770.0,motion,2022-04-13
1649852000.0,1649854080.0,motion,2022-04-13
1649854460.0,1649856120.0,motion,2022-04-13
1649856480.0,1649857800.0,motion,2022-04-13
1649858360.0,1649858390.0,motion,2022-04-13
1649859020.0,1649859040.0,motion,2022-04-13
1649860100.0,1649860460.0,motion,2022-04-13
1649860800.0,1649860810.0,motion,2022-04-13
1649862160.0,1649862180.0,motion,2022-04-13
1649862940.0,1649864280.0,motion,2022-04-13
1649864610.0,1649866400.0,motion,2022-04-13
1649867190.0,1649867200.0,motion,2022-04-13
1649867600.0,1649867910.0,motion,2022-04-13
1649868270.0,1649869400.0,motion,2022-04-13
1649870340.0,1649870350.0,motion,2022-04-13
1649871230.0,1649871240.0,motion,2022-04-13
1649871560.0,1649871620.0,motion,2022-04-13
1649872340.0,1649872360.0,motion,2022-04-13
1650336370.0,1650336660.0,wake,2022-04-19
1650337910.0,1650338960.0,wake,2022-04-19
1650341210.0,1650341230.0,wake,2022-04-19
1650342010.0,1650342120.0,wake,2022-04-19
1650342780.0,1650343040.0,wake,2022-04-19
1650344020.0,1650344050.0,wake,2022-04-19
1650344850.0,1650346810.0,wake,2022-04-19
1650370370.0,1650372280.0,wake,2022-04-19
1650372660.0,1650372740.0,wake,2022-04-19
1650373150.0,1650373300.0,wake,2022-04-19
1650373890.0,1650373920.0,wake,2022-04-19
1650374750.0,1650374810.0,wake,2022-04-19
1650376250.0,1650376520.0,wake,2022-04-19
1650377320.0,1650377500.0,wake,2022-04-19
1650378600.0,1650378610.0,wake,2022-04-19
1650379190.0,1650379200.0,wake,2022-04-19
1650382530.0,1650382570.0,wake,2022-04-19
1650383350.0,1650383370.0,wake,2022-04-19
1650385110.0,1650385120.0,wake,2022-04-19
1650385880.0,1650386050.0,wake,2022-04-19
1650386430.0,1650386610.0,wake,2022-04-19
1650386980.0,1650387300.0,wake,2022-04-19
1650387950.0,1650388620.0,wake,2022-04-19
1650389140.0,1650390890.0,wake,2022-04-19
1650333790.0,1650334030.0,motion,2022-04-19
1650335690.0,1650335860.0,motion,2022-04-19
1650336330.0,1650336900.0,motion,2022-04-19
1650337210.0,1650337530.0,motion,2022-04-19
1650337850.0,1650340020.0,motion,2022-04-19
1650340420.0,1650340490.0,motion,2022-04-19
1650340860.0,1650341520.0,motion,2022-04-19
1650341940.0,1650342220.0,motion,2022-04-19
1650342690.0,1650343240.0,motion,2022-04-19
1650343790.0,1650347060.0,motion,2022-04-19
1650347490.0,1650347530.0,motion,2022-04-19
1650352760.0,1650352780.0,motion,2022-04-19
1650357170.0,1650357220.0,motion,2022-04-19
1650360090.0,1650360110.0,motion,2022-04-19
1650362670.0,1650362720.0,motion,2022-04-19
1650363790.0,1650363820.0,motion,2022-04-19
1650365260.0,1650365290.0,motion,2022-04-19
1650367950.0,1650367990.0,motion,2022-04-19
1650368520.0,1650368540.0,motion,2022-04-19
1650369250.0,1650370000.0,motion,2022-04-19
1650370320.0,1650373430.0,motion,2022-04-19
1650373820.0,1650375320.0,motion,2022-04-19
1650375740.0,1650377540.0,motion,2022-04-19
1650377950.0,1650377960.0,motion,2022-04-19
1650378470.0,1650380170.0,motion,2022-04-19
1650381170.0,1650381540.0,motion,2022-04-19
1650382400.0,1650382550.0,motion,2022-04-19
1650383060.0,1650383430.0,motion,2022-04-19
1650384120.0,1650384150.0,motion,2022-04-19
1650384460.0,1650384480.0,motion,2022-04-19
1650385030.0,1650385440.0,motion,2022-04-19
1650385810.0,1650386060.0,motion,2022-04-19
1650386380.0,1650391160.0,motion,2022-04-19
1650248030.0,1650248090.0,wake,2022-04-18
1650248530.0,1650249150.0,wake,2022-04-18
1650249910.0,1650250410.0,wake,2022-04-18
1650251180.0,1650251710.0,wake,2022-04-18
1650252030.0,1650252040.0,wake,2022-04-18
1650252700.0,1650252750.0,wake,2022-04-18
1650254020.0,1650254450.0,wake,2022-04-18
1650254940.0,1650255170.0,wake,2022-04-18
1650270080.0,1650270100.0,wake,2022-04-18
1650275330.0,1650275350.0,wake,2022-04-18
1650285870.0,1650286040.0,wake,2022-04-18
1650286550.0,1650288480.0,wake,2022-04-18
1650289010.0,1650289020.0,wake,2022-04-18
1650289920.0,1650290410.0,wake,2022-04-18
1650290890.0,1650291310.0,wake,2022-04-18
1650291870.0,1650291900.0,wake,2022-04-18
1650294880.0,1650299090.0,wake,2022-04-18
1650299660.0,1650300070.0,wake,2022-04-18
1650300430.0,1650302060.0,wake,2022-04-18
1650302420.0,1650302550.0,wake,2022-04-18
1650303430.0,1650303510.0,wake,2022-04-18
1650303980.0,1650304160.0,wake,2022-04-18
1650304650.0,1650304730.0,wake,2022-04-18
1650247360.0,1650247380.0,motion,2022-04-18
1650247760.0,1650249250.0,motion,2022-04-18
1650249860.0,1650250790.0,motion,2022-04-18
1650251140.0,1650252290.0,motion,2022-04-18
1650252650.0,1650252720.0,motion,2022-04-18
1650253140.0,1650253160.0,motion,2022-04-18
1650253510.0,1650253550.0,motion,2022-04-18
1650253970.0,1650255140.0,motion,2022-04-18
1650259900.0,1650259920.0,motion,2022-04-18
1650264760.0,1650264780.0,motion,2022-04-18
1650265550.0,1650265840.0,motion,2022-04-18
1650268760.0,1650268780.0,motion,2022-04-18
1650270010.0,1650270100.0,motion,2022-04-18
1650270560.0,1650270580.0,motion,2022-04-18
1650272180.0,1650272200.0,motion,2022-04-18
1650273260.0,1650273290.0,motion,2022-04-18
1650273850.0,1650273890.0,motion,2022-04-18
1650275260.0,1650275360.0,motion,2022-04-18
1650276930.0,1650276950.0,motion,2022-04-18
1650280860.0,1650280880.0,motion,2022-04-18
1650282520.0,1650282550.0,motion,2022-04-18
1650284160.0,1650284170.0,motion,2022-04-18
1650285210.0,1650285360.0,motion,2022-04-18
1650285810.0,1650291890.0,motion,2022-04-18
1650294840.0,1650304720.0,motion,2022-04-18
1650075340.0,1650075390.0,wake,2022-04-16
1650078180.0,1650078190.0,wake,2022-04-16
1650079170.0,1650080460.0,wake,2022-04-16
1650084350.0,1650084410.0,wake,2022-04-16
1650085050.0,1650085070.0,wake,2022-04-16
1650086240.0,1650086440.0,wake,2022-04-16
1650086960.0,1650087050.0,wake,2022-04-16
1650116030.0,1650116950.0,wake,2022-04-16
1650120720.0,1650120900.0,wake,2022-04-16
1650122360.0,1650122450.0,wake,2022-04-16
1650124400.0,1650126160.0,wake,2022-04-16
1650127200.0,1650127560.0,wake,2022-04-16
1650127870.0,1650128040.0,wake,2022-04-16
1650128380.0,1650128550.0,wake,2022-04-16
1650128980.0,1650129130.0,wake,2022-04-16
1650131580.0,1650131690.0,wake,2022-04-16
1650075290.0,1650075620.0,motion,2022-04-16
1650076420.0,1650076750.0,motion,2022-04-16
1650077090.0,1650077130.0,motion,2022-04-16
1650077540.0,1650080770.0,motion,2022-04-16
1650082730.0,1650083160.0,motion,2022-04-16
1650083990.0,1650085060.0,motion,2022-04-16
1650085370.0,1650086450.0,motion,2022-04-16
1650086890.0,1650087040.0,motion,2022-04-16
1650088230.0,1650088250.0,motion,2022-04-16
1650089770.0,1650089790.0,motion,2022-04-16
1650097360.0,1650097390.0,motion,2022-04-16
1650098140.0,1650098160.0,motion,2022-04-16
1650101570.0,1650101630.0,motion,2022-04-16
1650102030.0,1650102050.0,motion,2022-04-16
1650102910.0,1650102940.0,motion,2022-04-16
1650108910.0,1650108930.0,motion,2022-04-16
1650110040.0,1650110060.0,motion,2022-04-16
1650110950.0,1650111270.0,motion,2022-04-16
1650111610.0,1650111670.0,motion,2022-04-16
1650113770.0,1650113880.0,motion,2022-04-16
1650115990.0,1650116920.0,motion,2022-04-16
1650117460.0,1650117590.0,motion,2022-04-16
1650118120.0,1650118400.0,motion,2022-04-16
1650118760.0,1650118790.0,motion,2022-04-16
1650119380.0,1650119400.0,motion,2022-04-16
1650120650.0,1650121190.0,motion,2022-04-16
1650121680.0,1650121770.0,motion,2022-04-16
1650122300.0,1650122630.0,motion,2022-04-16
1650123630.0,1650123650.0,motion,2022-04-16
1650124330.0,1650128540.0,motion,2022-04-16
1650128930.0,1650129280.0,motion,2022-04-16
1650131140.0,1650131790.0,motion,2022-04-16
1650160970.0,1650162110.0,wake,2022-04-17
1650162550.0,1650163810.0,wake,2022-04-17
1650164270.0,1650167080.0,wake,2022-04-17
1650167540.0,1650168420.0,wake,2022-04-17
1650168780.0,1650168790.0,wake,2022-04-17
1650169640.0,1650170040.0,wake,2022-04-17
1650172290.0,1650172480.0,wake,2022-04-17
1650174400.0,1650174940.0,wake,2022-04-17
1650200030.0,1650201490.0,wake,2022-04-17
1650201850.0,1650202510.0,wake,2022-04-17
1650203470.0,1650205510.0,wake,2022-04-17
1650208440.0,1650208470.0,wake,2022-04-17
1650210050.0,1650210440.0,wake,2022-04-17
1650213630.0,1650213660.0,wake,2022-04-17
1650214180.0,1650214690.0,wake,2022-04-17
1650215380.0,1650215390.0,wake,2022-04-17
1650217960.0,1650218000.0,wake,2022-04-17
1650160930.0,1650170050.0,motion,2022-04-17
1650171840.0,1650171900.0,motion,2022-04-17
1650172220.0,1650172570.0,motion,2022-04-17
1650173040.0,1650173240.0,motion,2022-04-17
1650174350.0,1650174920.0,motion,2022-04-17
1650175560.0,1650175590.0,motion,2022-04-17
1650180970.0,1650180990.0,motion,2022-04-17
1650184710.0,1650184730.0,motion,2022-04-17
1650194660.0,1650194680.0,motion,2022-04-17
1650195480.0,1650195500.0,motion,2022-04-17
1650196920.0,1650196950.0,motion,2022-04-17
1650197350.0,1650197370.0,motion,2022-04-17
1650197950.0,1650198850.0,motion,2022-04-17
1650199450.0,1650205660.0,motion,2022-04-17
1650206490.0,1650206660.0,motion,2022-04-17
1650207050.0,1650207370.0,motion,2022-04-17
1650207780.0,1650208050.0,motion,2022-04-17
1650208380.0,1650209210.0,motion,2022-04-17
1650209880.0,1650210500.0,motion,2022-04-17
1650211630.0,1650211830.0,motion,2022-04-17
1650212180.0,1650212470.0,motion,2022-04-17
1650213350.0,1650213630.0,motion,2022-04-17
1650214130.0,1650215470.0,motion,2022-04-17
1650217480.0,1650217510.0,motion,2022-04-17
1650217910.0,1650217980.0,motion,2022-04-17
1649989560.0,1649991040.0,wake,2022-04-15
1649992750.0,1649993400.0,wake,2022-04-15
1649996040.0,1649996100.0,wake,2022-04-15
1649996760.0,1649996850.0,wake,2022-04-15
1649997160.0,1649997170.0,wake,2022-04-15
1649997920.0,1649998510.0,wake,2022-04-15
1650029010.0,1650029090.0,wake,2022-04-15
1650030850.0,1650032500.0,wake,2022-04-15
1650033000.0,1650033600.0,wake,2022-04-15
1650033930.0,1650034520.0,wake,2022-04-15
1650034950.0,1650035110.0,wake,2022-04-15
1650035480.0,1650038710.0,wake,2022-04-15
1650039120.0,1650039540.0,wake,2022-04-15
1650039980.0,1650040020.0,wake,2022-04-15
1649988910.0,1649991360.0,motion,2022-04-15
1649991670.0,1649992120.0,motion,2022-04-15
1649992660.0,1649993490.0,motion,2022-04-15
1649995980.0,1649998610.0,motion,2022-04-15
1649999160.0,1649999200.0,motion,2022-04-15
1650000320.0,1650000340.0,motion,2022-04-15
1650008760.0,1650008780.0,motion,2022-04-15
1650013660.0,1650013920.0,motion,2022-04-15
1650014240.0,1650014450.0,motion,2022-04-15
1650015090.0,1650015350.0,motion,2022-04-15
1650016290.0,1650016310.0,motion,2022-04-15
1650017050.0,1650017060.0,motion,2022-04-15
1650019040.0,1650019070.0,motion,2022-04-15
1650019850.0,1650020180.0,motion,2022-04-15
1650022090.0,1650022120.0,motion,2022-04-15
1650024480.0,1650024510.0,motion,2022-04-15
1650025440.0,1650025450.0,motion,2022-04-15
1650025840.0,1650025980.0,motion,2022-04-15
1650026660.0,1650026750.0,motion,2022-04-15
1650028110.0,1650028540.0,motion,2022-04-15
1650028940.0,1650029070.0,motion,2022-04-15
1650029580.0,1650029640.0,motion,2022-04-15
1650030250.0,1650030270.0,motion,2022-04-15
1650030580.0,1650032640.0,motion,2022-04-15
1650032950.0,1650040090.0,motion,2022-04-15
1650040460.0,1650040490.0,motion,2022-04-15
1650040920.0,1650041650.0,motion,2022-04-15
1650042710.0,1650042950.0,motion,2022-04-15
1649901690.0,1649902880.0,wake,2022-04-14
1649903360.0,1649904490.0,wake,2022-04-14
1649904800.0,1649905640.0,wake,2022-04-14
1649906300.0,1649906380.0,wake,2022-04-14
1649906840.0,1649909890.0,wake,2022-04-14
1649915130.0,1649915490.0,wake,2022-04-14
1649938560.0,1649938850.0,wake,2022-04-14
1649939370.0,1649939380.0,wake,2022-04-14
1649942440.0,1649942860.0,wake,2022-04-14
1649943260.0,1649947000.0,wake,2022-04-14
1649947470.0,1649949650.0,wake,2022-04-14
1649949990.0,1649950180.0,wake,2022-04-14
1649950490.0,1649950610.0,wake,2022-04-14
1649951910.0,1649951950.0,wake,2022-04-14
1649952300.0,1649953520.0,wake,2022-04-14
1649954030.0,1649955610.0,wake,2022-04-14
1649901620.0,1649902850.0,motion,2022-04-14
1649903230.0,1649905680.0,motion,2022-04-14
1649906080.0,1649906380.0,motion,2022-04-14
1649906730.0,1649909880.0,motion,2022-04-14
1649910240.0,1649910270.0,motion,2022-04-14
1649910810.0,1649910930.0,motion,2022-04-14
1649915080.0,1649915590.0,motion,2022-04-14
1649917770.0,1649917790.0,motion,2022-04-14
1649925100.0,1649925120.0,motion,2022-04-14
1649928370.0,1649928390.0,motion,2022-04-14
1649933800.0,1649934010.0,motion,2022-04-14
1649935560.0,1649936000.0,motion,2022-04-14
1649937320.0,1649937370.0,motion,2022-04-14
1649938510.0,1649939800.0,motion,2022-04-14
1649940450.0,1649940470.0,motion,2022-04-14
1649940970.0,1649941130.0,motion,2022-04-14
1649941550.0,1649941820.0,motion,2022-04-14
1649942390.0,1649946980.0,motion,2022-04-14
1649947420.0,1649950590.0,motion,2022-04-14
1649950980.0,1649951380.0,motion,2022-04-14
1649951850.0,1649951940.0,motion,2022-04-14
1649952250.0,1649955690.0,motion,2022-04-14
1649816260.0,1649816390.0,wake,2022-04-13
1649816700.0,1649817130.0,wake,2022-04-13
1649817480.0,1649817680.0,wake,2022-04-13
1649818110.0,1649818130.0,wake,2022-04-13
1649818460.0,1649818540.0,wake,2022-04-13
1649819460.0,1649819530.0,wake,2022-04-13
1649820450.0,1649821090.0,wake,2022-04-13
1649839450.0,1649839490.0,wake,2022-04-13
1649851930.0,1649853760.0,wake,2022-04-13
1649854080.0,1649857880.0,wake,2022-04-13
1649858380.0,1649858670.0,wake,2022-04-13
1649859080.0,1649859300.0,wake,2022-04-13
1649859820.0,1649860510.0,wake,2022-04-13
1649860850.0,1649861130.0,wake,2022-04-13
1649861740.0,1649866690.0,wake,2022-04-13
1649867230.0,1649867310.0,wake,2022-04-13
1649867620.0,1649868490.0,wake,2022-04-13
1649868800.0,1649869480.0,wake,2022-04-13
1649871600.0,1649871680.0,wake,2022-04-13
1649815280.0,1649815570.0,motion,2022-04-13
1649815880.0,1649821400.0,motion,2022-04-13
1649821770.0,1649821890.0,motion,2022-04-13
1649822420.0,1649822440.0,motion,2022-04-13
1649823470.0,1649823610.0,motion,2022-04-13
1649824030.0,1649824280.0,motion,2022-04-13
1649838250.0,1649838280.0,motion,2022-04-13
1649839400.0,1649839460.0,motion,2022-04-13
1649840590.0,1649840610.0,motion,2022-04-13
1649843570.0,1649843590.0,motion,2022-04-13
1649844270.0,1649844290.0,motion,2022-04-13
1649846720.0,1649846740.0,motion,2022-04-13
1649847540.0,1649847550.0,motion,2022-04-13
1649848750.0,1649848770.0,motion,2022-04-13
1649849570.0,1649849590.0,motion,2022-04-13
1649850070.0,1649850080.0,motion,2022-04-13
1649850440.0,1649850730.0,motion,2022-04-13
1649851870.0,1649861110.0,motion,2022-04-13
1649861480.0,1649869450.0,motion,2022-04-13
1649869770.0,1649870400.0,motion,2022-04-13
1649870720.0,1649871670.0,motion,2022-04-13
1649872330.0,1649872600.0,motion,2022-04-13
1650336390.0,1650336590.0,wake,2022-04-19
1650337930.0,1650338840.0,wake,2022-04-19
1650342050.0,1650342110.0,wake,2022-04-19
1650342830.0,1650342880.0,wake,2022-04-19
1650345280.0,1650346800.0,wake,2022-04-19
1650370380.0,1650372260.0,wake,2022-04-19
1650372680.0,1650372700.0,wake,2022-04-19
1650373170.0,1650373290.0,wake,2022-04-19
1650374780.0,1650374790.0,wake,2022-04-19
1650376460.0,1650376500.0,wake,2022-04-19
1650377360.0,1650377490.0,wake,2022-04-19
1650386440.0,1650386540.0,wake,2022-04-19
1650387050.0,1650387270.0,wake,2022-04-19
1650387950.0,1650388380.0,wake,2022-04-19
1650389190.0,1650390890.0,wake,2022-04-19
1650333800.0,1650334010.0,motion,2022-04-19
1650335690.0,1650335860.0,motion,2022-04-19
1650336330.0,1650336890.0,motion,2022-04-19
1650337220.0,1650337530.0,motion,2022-04-19
1650337860.0,1650340010.0,motion,2022-04-19
1650340430.0,1650340450.0,motion,2022-04-19
1650340860.0,1650341520.0,motion,2022-04-19
1650341940.0,1650342160.0,motion,2022-04-19
1650342690.0,1650343240.0,motion,2022-04-19
1650343790.0,1650344150.0,motion,2022-04-19
1650344510.0,1650347000.0,motion,2022-04-19
1650347500.0,1650347520.0,motion,2022-04-19
1650357190.0,1650357200.0,motion,2022-04-19
1650360100.0,1650360110.0,motion,2022-04-19
1650362690.0,1650362720.0,motion,2022-04-19
1650363790.0,1650363820.0,motion,2022-04-19
1650365260.0,1650365290.0,motion,2022-04-19
1650367960.0,1650367980.0,motion,2022-04-19
1650368520.0,1650368540.0,motion,2022-04-19
1650369980.0,1650370000.0,motion,2022-04-19
1650370320.0,1650373420.0,motion,2022-04-19
1650373840.0,1650375320.0,motion,2022-04-19
1650375740.0,1650375760.0,motion,2022-04-19
1650376190.0,1650377480.0,motion,2022-04-19
1650377950.0,1650377960.0,motion,2022-04-19
1650378470.0,1650378570.0,motion,2022-04-19
1650379010.0,1650379200.0,motion,2022-04-19
1650379540.0,1650380170.0,motion,2022-04-19
1650381170.0,1650381540.0,motion,2022-04-19
1650382400.0,1650382540.0,motion,2022-04-19
1650383060.0,1650383370.0,motion,2022-04-19
1650384130.0,1650384150.0,motion,2022-04-19
1650384460.0,1650384480.0,motion,2022-04-19
1650385090.0,1650385130.0,motion,2022-04-19
1650385820.0,1650386020.0,motion,2022-04-19
1650386390.0,1650391160.0,motion,2022-04-19
1650248530.0,1650248900.0,wake,2022-04-18
1650249910.0,1650250360.0,wake,2022-04-18
1650251200.0,1650251550.0,wake,2022-04-18
1650252700.0,1650252740.0,wake,2022-04-18
1650254020.0,1650254450.0,wake,2022-04-18
1650254950.0,1650255020.0,wake,2022-04-18
1650275340.0,1650275350.0,wake,2022-04-18
1650285890.0,1650285940.0,wake,2022-04-18
1650286560.0,1650288470.0,wake,2022-04-18
1650289920.0,1650289960.0,wake,2022-04-18
1650290330.0,1650290390.0,wake,2022-04-18
1650290910.0,1650291290.0,wake,2022-04-18
1650294890.0,1650299040.0,wake,2022-04-18
1650299750.0,1650300070.0,wake,2022-04-18
1650300970.0,1650302040.0,wake,2022-04-18
1650302440.0,1650302540.0,wake,2022-04-18
1650303490.0,1650303500.0,wake,2022-04-18
1650303990.0,1650304150.0,wake,2022-04-18
1650304700.0,1650304720.0,wake,2022-04-18
1650247360.0,1650247380.0,motion,2022-04-18
1650247770.0,1650249250.0,motion,2022-04-18
1650249870.0,1650250450.0,motion,2022-04-18
1650251140.0,1650251660.0,motion,2022-04-18
1650252010.0,1650252270.0,motion,2022-04-18
1650252660.0,1650252720.0,motion,2022-04-18
1650253140.0,1650253160.0,motion,2022-04-18
1650253510.0,1650253540.0,motion,2022-04-18
1650253970.0,1650254410.0,motion,2022-04-18
1650254900.0,1650255130.0,motion,2022-04-18
1650264760.0,1650264780.0,motion,2022-04-18
1650265550.0,1650265840.0,motion,2022-04-18
1650268760.0,1650268780.0,motion,2022-04-18
1650270020.0,1650270090.0,motion,2022-04-18
1650272180.0,1650272200.0,motion,2022-04-18
1650273260.0,1650273290.0,motion,2022-04-18
1650273850.0,1650273890.0,motion,2022-04-18
1650275260.0,1650275360.0,motion,2022-04-18
1650280860.0,1650280880.0,motion,2022-04-18
1650282520.0,1650282550.0,motion,2022-04-18
1650284160.0,1650284170.0,motion,2022-04-18
1650285220.0,1650285360.0,motion,2022-04-18
1650285850.0,1650290400.0,motion,2022-04-18
1650290840.0,1650291890.0,motion,2022-04-18
1650294840.0,1650304700.0,motion,2022-04-18
1650075340.0,1650075380.0,wake,2022-04-16
1650079190.0,1650079300.0,wake,2022-04-16
1650079840.0,1650080440.0,wake,2022-04-16
1650084360.0,1650084400.0,wake,2022-04-16
1650086270.0,1650086420.0,wake,2022-04-16
1650116070.0,1650116910.0,wake,2022-04-16
1650122370.0,1650122400.0,wake,2022-04-16
1650124400.0,1650125800.0,wake,2022-04-16
1650127220.0,1650127370.0,wake,2022-04-16
1650127920.0,1650127930.0,wake,2022-04-16
1650128410.0,1650128520.0,wake,2022-04-16
1650128990.0,1650129110.0,wake,2022-04-16
1650131600.0,1650131660.0,wake,2022-04-16
1650075290.0,1650075610.0,motion,2022-04-16
1650076430.0,1650076450.0,motion,2022-04-16
1650077090.0,1650077130.0,motion,2022-04-16
1650077540.0,1650080430.0,motion,2022-04-16
1650080740.0,1650080770.0,motion,2022-04-16
1650082740.0,1650083010.0,motion,2022-04-16
1650083990.0,1650084580.0,motion,2022-04-16
1650085010.0,1650085060.0,motion,2022-04-16
1650085370.0,1650086440.0,motion,2022-04-16
1650086910.0,1650087030.0,motion,2022-04-16
1650089770.0,1650089790.0,motion,2022-04-16
1650097360.0,1650097380.0,motion,2022-04-16
1650098140.0,1650098160.0,motion,2022-04-16
1650101570.0,1650101590.0,motion,2022-04-16
1650102030.0,1650102050.0,motion,2022-04-16
1650102910.0,1650102940.0,motion,2022-04-16
1650110950.0,1650111270.0,motion,2022-04-16
1650111620.0,1650111660.0,motion,2022-04-16
1650113770.0,1650113880.0,motion,2022-04-16
1650115990.0,1650116910.0,motion,2022-04-16
1650117460.0,1650117590.0,motion,2022-04-16
1650118120.0,1650118190.0,motion,2022-04-16
1650118760.0,1650118780.0,motion,2022-04-16
1650120650.0,1650121190.0,motion,2022-04-16
1650121740.0,1650121770.0,motion,2022-04-16
1650122300.0,1650122620.0,motion,2022-04-16
1650124330.0,1650128030.0,motion,2022-04-16
1650128340.0,1650128530.0,motion,2022-04-16
1650128930.0,1650129280.0,motion,2022-04-16
1650131450.0,1650131790.0,motion,2022-04-16
1650160990.0,1650161980.0,wake,2022-04-17
1650162570.0,1650163810.0,wake,2022-04-17
1650164490.0,1650165770.0,wake,2022-04-17
1650166110.0,1650167040.0,wake,2022-04-17
1650167550.0,1650168400.0,wake,2022-04-17
1650169640.0,1650170000.0,wake,2022-04-17
1650174400.0,1650174900.0,wake,2022-04-17
1650200040.0,1650200560.0,wake,2022-04-17
1650200890.0,1650201280.0,wake,2022-04-17
1650201880.0,1650202050.0,wake,2022-04-17
1650202400.0,1650202500.0,wake,2022-04-17
1650203480.0,1650205500.0,wake,2022-04-17
1650210050.0,1650210430.0,wake,2022-04-17
1650214200.0,1650214620.0,wake,2022-04-17
1650160930.0,1650168940.0,motion,2022-04-17
1650169470.0,1650170040.0,motion,2022-04-17
1650171840.0,1650171900.0,motion,2022-04-17
1650172220.0,1650172460.0,motion,2022-04-17
1650173040.0,1650173240.0,motion,2022-04-17
1650174360.0,1650174910.0,motion,2022-04-17
1650175570.0,1650175580.0,motion,2022-04-17
1650180980.0,1650180990.0,motion,2022-04-17
1650194660.0,1650194680.0,motion,2022-04-17
1650195480.0,1650195500.0,motion,2022-04-17
1650197350.0,1650197370.0,motion,2022-04-17
1650198140.0,1650198630.0,motion,2022-04-17
1650199490.0,1650205480.0,motion,2022-04-17
1650206610.0,1650206660.0,motion,2022-04-17
1650207050.0,1650207370.0,motion,2022-04-17
1650207780.0,1650208050.0,motion,2022-04-17
1650208380.0,1650209200.0,motion,2022-04-17
1650209880.0,1650210390.0,motion,2022-04-17
1650211630.0,1650211830.0,motion,2022-04-17
1650212180.0,1650212460.0,motion,2022-04-17
1650213350.0,1650213620.0,motion,2022-04-17
1650214140.0,1650215470.0,motion,2022-04-17
1650217480.0,1650217500.0,motion,2022-04-17
1650217920.0,1650217970.0,motion,2022-04-17
1649989560.0,1649990650.0,wake,2022-04-15
1649992920.0,1649993170.0,wake,2022-04-15
1649996050.0,1649996080.0,wake,2022-04-15
1649996780.0,1649996820.0,wake,2022-04-15
1649997920.0,1649998510.0,wake,2022-04-15
1650029020.0,1650029070.0,wake,2022-04-15
1650031010.0,1650032000.0,wake,2022-04-15
1650032430.0,1650032490.0,wake,2022-04-15
1650033000.0,1650033600.0,wake,2022-04-15
1650033940.0,1650034500.0,wake,2022-04-15
1650034950.0,1650035070.0,wake,2022-04-15
1650035480.0,1650038480.0,wake,2022-04-15
1650039190.0,1650039540.0,wake,2022-04-15
1650039990.0,1650040010.0,wake,2022-04-15
1649989020.0,1649991360.0,motion,2022-04-15
1649991720.0,1649992120.0,motion,2022-04-15
1649992660.0,1649993440.0,motion,2022-04-15
1649995980.0,1649996070.0,motion,2022-04-15
1649996430.0,1649997170.0,motion,2022-04-15
1649997710.0,1649998610.0,motion,2022-04-15
1649999160.0,1649999180.0,motion,2022-04-15
1650013660.0,1650013920.0,motion,2022-04-15
1650015330.0,1650015350.0,motion,2022-04-15
1650016290.0,1650016310.0,motion,2022-04-15
1650019050.0,1650019060.0,motion,2022-04-15
1650020160.0,1650020180.0,motion,2022-04-15
1650022090.0,1650022120.0,motion,2022-04-15
1650025440.0,1650025450.0,motion,2022-04-15
1650025850.0,1650025870.0,motion,2022-04-15
1650028110.0,1650028540.0,motion,2022-04-15
1650028940.0,1650029070.0,motion,2022-04-15
1650029580.0,1650029640.0,motion,2022-04-15
1650030580.0,1650032640.0,motion,2022-04-15
1650032950.0,1650040080.0,motion,2022-04-15
1650040460.0,1650040490.0,motion,2022-04-15
1650040920.0,1650041650.0,motion,2022-04-15
1650042710.0,1650042940.0,motion,2022-04-15
1649901940.0,1649902880.0,wake,2022-04-14
1649903520.0,1649903550.0,wake,2022-04-14
1649903910.0,1649904480.0,wake,2022-04-14
1649904820.0,1649905150.0,wake,2022-04-14
1649905550.0,1649905630.0,wake,2022-04-14
1649906300.0,1649906380.0,wake,2022-04-14
1649906860.0,1649906900.0,wake,2022-04-14
1649907320.0,1649908470.0,wake,2022-04-14
1649909020.0,1649909870.0,wake,2022-04-14
1649915130.0,1649915480.0,wake,2022-04-14
1649938580.0,1649938850.0,wake,2022-04-14
1649942440.0,1649942850.0,wake,2022-04-14
1649943280.0,1649946650.0,wake,2022-04-14
1649947470.0,1649949480.0,wake,2022-04-14
1649950010.0,1649950070.0,wake,2022-04-14
1649950500.0,1649950590.0,wake,2022-04-14
1649951910.0,1649951940.0,wake,2022-04-14
1649952300.0,1649952600.0,wake,2022-04-14
1649952980.0,1649953310.0,wake,2022-04-14
1649954180.0,1649955610.0,wake,2022-04-14
1649901620.0,1649902850.0,motion,2022-04-14
1649903240.0,1649905680.0,motion,2022-04-14
1649906080.0,1649906380.0,motion,2022-04-14
1649906730.0,1649909870.0,motion,2022-04-14
1649910240.0,1649910260.0,motion,2022-04-14
1649915080.0,1649915590.0,motion,2022-04-14
1649917770.0,1649917790.0,motion,2022-04-14
1649933800.0,1649934000.0,motion,2022-04-14
1649935810.0,1649935990.0,motion,2022-04-14
1649937320.0,1649937370.0,motion,2022-04-14
1649938510.0,1649938830.0,motion,2022-04-14
1649939190.0,1649939800.0,motion,2022-04-14
1649940970.0,1649941130.0,motion,2022-04-14
1649942390.0,1649946980.0,motion,2022-04-14
1649947420.0,1649950580.0,motion,2022-04-14
1649951360.0,1649951380.0,motion,2022-04-14
1649951850.0,1649951930.0,motion,2022-04-14
1649952260.0,1649953520.0,motion,2022-04-14
1649953990.0,1649955690.0,motion,2022-04-14
1649816290.0,1649816370.0,wake,2022-04-13
1649816710.0,1649817120.0,wake,2022-04-13
1649818460.0,1649818530.0,wake,2022-04-13
1649819460.0,1649819510.0,wake,2022-04-13
1649820470.0,1649821070.0,wake,2022-04-13
1649852040.0,1649853740.0,wake,2022-04-13
1649854120.0,1649854140.0,wake,2022-04-13
1649854490.0,1649856160.0,wake,2022-04-13
1649856510.0,1649857840.0,wake,2022-04-13
1649860090.0,1649860500.0,wake,2022-04-13
1649861090.0,1649861100.0,wake,2022-04-13
1649862040.0,1649862240.0,wake,2022-04-13
1649862620.0,1649866670.0,wake,2022-04-13
1649867260.0,1649867280.0,wake,2022-04-13
1649867630.0,1649867650.0,wake,2022-04-13
1649868150.0,1649868490.0,wake,2022-04-13
1649868800.0,1649869470.0,wake,2022-04-13
1649871600.0,1649871670.0,wake,2022-04-13
1649815280.0,1649815560.0,motion,2022-04-13
1649815880.0,1649818680.0,motion,2022-04-13
1649819280.0,1649821050.0,motion,2022-04-13
1649821770.0,1649821890.0,motion,2022-04-13
1649823550.0,1649823610.0,motion,2022-04-13
1649824030.0,1649824060.0,motion,2022-04-13
1649838250.0,1649838280.0,motion,2022-04-13
1649839400.0,1649839460.0,motion,2022-04-13
1649840590.0,1649840610.0,motion,2022-04-13
1649843570.0,1649843590.0,motion,2022-04-13
1649844270.0,1649844290.0,motion,2022-04-13
1649848750.0,1649848770.0,motion,2022-04-13
1649849570.0,1649849590.0,motion,2022-04-13
1649850710.0,1649850730.0,motion,2022-04-13
1649851880.0,1649860470.0,motion,2022-04-13
1649860790.0,1649861110.0,motion,2022-04-13
1649861690.0,1649869450.0,motion,2022-04-13
1649869790.0,1649870360.0,motion,2022-04-13
1649870720.0,1649870730.0,motion,2022-04-13
1649871070.0,1649871670.0,motion,2022-04-13
1649872330.0,1649872470.0,motion,2022-04-13
1650336400.0,1650336420.0,wake,2022-04-19
1650337940.0,1650338000.0,wake,2022-04-19
1650342060.0,1650342100.0,wake,2022-04-19
1650345480.0,1650346290.0,wake,2022-04-19
1650370390.0,1650372250.0,wake,2022-04-19
1650373210.0,1650373250.0,wake,2022-04-19
1650377390.0,1650377480.0,wake,2022-04-19
1650386490.0,1650386510.0,wake,2022-04-19
1650387050.0,1650387260.0,wake,2022-04-19
1650387960.0,1650388360.0,wake,2022-04-19
1650389600.0,1650389620.0,wake,2022-04-19
1650390050.0,1650390870.0,wake,2022-04-19
1650333810.0,1650333820.0,motion,2022-04-19
1650335690.0,1650335860.0,motion,2022-04-19
1650336340.0,1650336890.0,motion,2022-04-19
1650337220.0,1650337410.0,motion,2022-04-19
1650337860.0,1650338990.0,motion,2022-04-19
1650339550.0,1650340010.0,motion,2022-04-19
1650340430.0,1650340450.0,motion,2022-04-19
1650340880.0,1650341440.0,motion,2022-04-19
1650341940.0,1650342160.0,motion,2022-04-19
1650342690.0,1650343230.0,motion,2022-04-19
1650343910.0,1650344140.0,motion,2022-04-19
1650344510.0,1650347000.0,motion,2022-04-19
1650360100.0,1650360110.0,motion,2022-04-19
1650362690.0,1650362720.0,motion,2022-04-19
1650363790.0,1650363820.0,motion,2022-04-19
1650365260.0,1650365290.0,motion,2022-04-19
1650367960.0,1650367970.0,motion,2022-04-19
1650368520.0,1650368540.0,motion,2022-04-19
1650370320.0,1650373420.0,motion,2022-04-19
1650373850.0,1650374170.0,motion,2022-04-19
1650374530.0,1650375310.0,motion,2022-04-19
1650376320.0,1650377480.0,motion,2022-04-19
1650378520.0,1650378540.0,motion,2022-04-19
1650379030.0,1650379170.0,motion,2022-04-19
1650379540.0,1650380170.0,motion,2022-04-19
1650381310.0,1650381540.0,motion,2022-04-19
1650382410.0,1650382540.0,motion,2022-04-19
1650383060.0,1650383370.0,motion,2022-04-19
1650384460.0,1650384480.0,motion,2022-04-19
1650385090.0,1650385120.0,motion,2022-04-19
1650385850.0,1650385960.0,motion,2022-04-19
1650386390.0,1650387270.0,motion,2022-04-19
1650387810.0,1650388750.0,motion,2022-04-19
1650389120.0,1650391150.0,motion,2022-04-19
1650248550.0,1650248900.0,wake,2022-04-18
1650250100.0,1650250210.0,wake,2022-04-18
1650251340.0,1650251530.0,wake,2022-04-18
1650254030.0,1650254430.0,wake,2022-04-18
1650254960.0,1650255010.0,wake,2022-04-18
1650286800.0,1650287600.0,wake,2022-04-18
1650288070.0,1650288100.0,wake,2022-04-18
1650288430.0,1650288470.0,wake,2022-04-18
1650291230.0,1650291280.0,wake,2022-04-18
1650294910.0,1650295520.0,wake,2022-04-18
1650296070.0,1650296140.0,wake,2022-04-18
1650296560.0,1650297180.0,wake,2022-04-18
1650297670.0,1650298760.0,wake,2022-04-18
1650299800.0,1650300070.0,wake,2022-04-18
1650301000.0,1650301750.0,wake,2022-04-18
1650302440.0,1650302470.0,wake,2022-04-18
1650304020.0,1650304120.0,wake,2022-04-18
1650247360.0,1650247370.0,motion,2022-04-18
1650247860.0,1650248060.0,motion,2022-04-18
1650248390.0,1650249250.0,motion,2022-04-18
1650249870.0,1650250360.0,motion,2022-04-18
1650251140.0,1650251650.0,motion,2022-04-18
1650252030.0,1650252040.0,motion,2022-04-18
1650252660.0,1650252720.0,motion,2022-04-18
1650253520.0,1650253530.0,motion,2022-04-18
1650253970.0,1650254410.0,motion,2022-04-18
1650254900.0,1650255120.0,motion,2022-04-18
1650264760.0,1650264780.0,motion,2022-04-18
1650265550.0,1650265580.0,motion,2022-04-18
1650268770.0,1650268780.0,motion,2022-04-18
1650270020.0,1650270090.0,motion,2022-04-18
1650272180.0,1650272200.0,motion,2022-04-18
1650273280.0,1650273290.0,motion,2022-04-18
1650273860.0,1650273890.0,motion,2022-04-18
1650275260.0,1650275350.0,motion,2022-04-18
1650282520.0,1650282550.0,motion,2022-04-18
1650285350.0,1650285360.0,motion,2022-04-18
1650285850.0,1650286000.0,motion,2022-04-18
1650286360.0,1650288460.0,motion,2022-04-18
1650288780.0,1650290390.0,motion,2022-04-18
1650290850.0,1650291350.0,motion,2022-04-18
1650291730.0,1650291850.0,motion,2022-04-18
1650294840.0,1650299040.0,motion,2022-04-18
1650299400.0,1650302020.0,motion,2022-04-18
1650302360.0,1650304680.0,motion,2022-04-18
1650079200.0,1650079280.0,wake,2022-04-16
1650079870.0,1650080430.0,wake,2022-04-16
1650084370.0,1650084390.0,wake,2022-04-16
1650086280.0,1650086400.0,wake,2022-04-16
1650116570.0,1650116770.0,wake,2022-04-16
1650124520.0,1650125070.0,wake,2022-04-16
1650125390.0,1650125530.0,wake,2022-04-16
1650127270.0,1650127350.0,wake,2022-04-16
1650129010.0,1650129070.0,wake,2022-04-16
1650131630.0,1650131650.0,wake,2022-04-16
1650075290.0,1650075610.0,motion,2022-04-16
1650076430.0,1650076450.0,motion,2022-04-16
1650077090.0,1650077130.0,motion,2022-04-16
1650077540.0,1650078190.0,motion,2022-04-16
1650078650.0,1650080410.0,motion,2022-04-16
1650080740.0,1650080750.0,motion,2022-04-16
1650082740.0,1650083000.0,motion,2022-04-16
1650083990.0,1650084570.0,motion,2022-04-16
1650085010.0,1650085060.0,motion,2022-04-16
1650085370.0,1650086380.0,motion,2022-04-16
1650086970.0,1650087030.0,motion,2022-04-16
1650097360.0,1650097370.0,motion,2022-04-16
1650098140.0,1650098160.0,motion,2022-04-16
1650102920.0,1650102940.0,motion,2022-04-16
1650111080.0,1650111270.0,motion,2022-04-16
1650111620.0,1650111660.0,motion,2022-04-16
1650113770.0,1650113880.0,motion,2022-04-16
1650115990.0,1650116910.0,motion,2022-04-16
1650117460.0,1650117590.0,motion,2022-04-16
1650118160.0,1650118190.0,motion,2022-04-16
1650118770.0,1650118780.0,motion,2022-04-16
1650120650.0,1650120860.0,motion,2022-04-16
1650121740.0,1650121770.0,motion,2022-04-16
1650122310.0,1650122520.0,motion,2022-04-16
1650124330.0,1650126080.0,motion,2022-04-16
1650126630.0,1650128020.0,motion,2022-04-16
1650128340.0,1650128530.0,motion,2022-04-16
1650128940.0,1650129090.0,motion,2022-04-16
1650131460.0,1650131790.0,motion,2022-04-16
1650161020.0,1650161570.0,wake,2022-04-17
1650161960.0,1650161980.0,wake,2022-04-17
1650162580.0,1650163800.0,wake,2022-04-17
1650164720.0,1650164780.0,wake,2022-04-17
1650165090.0,1650165450.0,wake,2022-04-17
1650166140.0,1650167010.0,wake,2022-04-17
1650167840.0,1650167850.0,wake,2022-04-17
1650168380.0,1650168390.0,wake,2022-04-17
1650169640.0,1650169980.0,wake,2022-04-17
1650174540.0,1650174870.0,wake,2022-04-17
1650200050.0,1650200450.0,wake,2022-04-17
1650200920.0,1650201260.0,wake,2022-04-17
1650201920.0,1650202020.0,wake,2022-04-17
1650203740.0,1650204190.0,wake,2022-04-17
1650204680.0,1650205330.0,wake,2022-04-17
1650210070.0,1650210380.0,wake,2022-04-17
1650214500.0,1650214530.0,wake,2022-04-17
1650160930.0,1650162070.0,motion,2022-04-17
1650162540.0,1650167040.0,motion,2022-04-17
1650167490.0,1650168740.0,motion,2022-04-17
1650169480.0,1650170040.0,motion,2022-04-17
1650171850.0,1650171860.0,motion,2022-04-17
1650172240.0,1650172450.0,motion,2022-04-17
1650174360.0,1650174890.0,motion,2022-04-17
1650175570.0,1650175580.0,motion,2022-04-17
1650194660.0,1650194680.0,motion,2022-04-17
1650197350.0,1650197370.0,motion,2022-04-17
1650198140.0,1650198150.0,motion,2022-04-17
1650198550.0,1650198560.0,motion,2022-04-17
1650199490.0,1650202480.0,motion,2022-04-17
1650202800.0,1650205480.0,motion,2022-04-17
1650206610.0,1650206630.0,motion,2022-04-17
1650207050.0,1650207370.0,motion,2022-04-17
1650207790.0,1650207800.0,motion,2022-04-17
1650208390.0,1650209200.0,motion,2022-04-17
1650209880.0,1650210380.0,motion,2022-04-17
1650212450.0,1650212460.0,motion,2022-04-17
1650213360.0,1650213620.0,motion,2022-04-17
1650214140.0,1650214630.0,motion,2022-04-17
1650215150.0,1650215360.0,motion,2022-04-17
1650217480.0,1650217500.0,motion,2022-04-17
1650217920.0,1650217970.0,motion,2022-04-17
1649989560.0,1649990040.0,wake,2022-04-15
1649998140.0,1649998480.0,wake,2022-04-15
1650029050.0,1650029060.0,wake,2022-04-15
1650031040.0,1650032000.0,wake,2022-04-15
1650032450.0,1650032480.0,wake,2022-04-15
1650033020.0,1650033580.0,wake,2022-04-15
1650034450.0,1650034460.0,wake,2022-04-15
1650034960.0,1650035040.0,wake,2022-04-15
1650035650.0,1650038370.0,wake,2022-04-15
1650039450.0,1650039530.0,wake,2022-04-15
1649989020.0,1649991290.0,motion,2022-04-15
1649991720.0,1649992060.0,motion,2022-04-15
1649992740.0,1649993400.0,motion,2022-04-15
1649995990.0,1649996070.0,motion,2022-04-15
1649996440.0,1649997170.0,motion,2022-04-15
1649997710.0,1649998560.0,motion,2022-04-15
1649999170.0,1649999180.0,motion,2022-04-15
1650013660.0,1650013920.0,motion,2022-04-15
1650016290.0,1650016310.0,motion,2022-04-15
1650019050.0,1650019060.0,motion,2022-04-15
1650020160.0,1650020180.0,motion,2022-04-15
1650022100.0,1650022110.0,motion,2022-04-15
1650025440.0,1650025450.0,motion,2022-04-15
1650025850.0,1650025860.0,motion,2022-04-15
1650028110.0,1650028540.0,motion,2022-04-15
1650028950.0,1650029070.0,motion,2022-04-15
1650029590.0,1650029630.0,motion,2022-04-15
1650030580.0,1650032640.0,motion,2022-04-15
1650032960.0,1650039510.0,motion,2022-04-15
1650039960.0,1650040080.0,motion,2022-04-15
1650040470.0,1650040480.0,motion,2022-04-15
1650040920.0,1650040930.0,motion,2022-04-15
1650041610.0,1650041640.0,motion,2022-04-15
1650042910.0,1650042940.0,motion,2022-04-15
1649902010.0,1649902690.0,wake,2022-04-14
1649903930.0,1649904470.0,wake,2022-04-14
1649904830.0,1649905120.0,wake,2022-04-14
1649905580.0,1649905590.0,wake,2022-04-14
1649906350.0,1649906360.0,wake,2022-04-14
1649907370.0,1649907400.0,wake,2022-04-14
1649907930.0,1649907950.0,wake,2022-04-14
1649908330.0,1649908360.0,wake,2022-04-14
1649909040.0,1649909850.0,wake,2022-04-14
1649915140.0,1649915460.0,wake,2022-04-14
1649938760.0,1649938830.0,wake,2022-04-14
1649942450.0,1649942840.0,wake,2022-04-14
1649943300.0,1649943860.0,wake,2022-04-14
1649944370.0,1649944390.0,wake,2022-04-14
1649944970.0,1649946640.0,wake,2022-04-14
1649947550.0,1649949470.0,wake,2022-04-14
1649950510.0,1649950580.0,wake,2022-04-14
1649952320.0,1649952370.0,wake,2022-04-14
1649954250.0,1649955600.0,wake,2022-04-14
1649901620.0,1649902840.0,motion,2022-04-14
1649903360.0,1649903550.0,motion,2022-04-14
1649903880.0,1649905640.0,motion,2022-04-14
1649906090.0,1649906380.0,motion,2022-04-14
1649906730.0,1649909840.0,motion,2022-04-14
1649910250.0,1649910260.0,motion,2022-04-14
1649915080.0,1649915470.0,motion,2022-04-14
1649933990.0,1649934000.0,motion,2022-04-14
1649935970.0,1649935990.0,motion,2022-04-14
1649937320.0,1649937370.0,motion,2022-04-14
1649938510.0,1649938820.0,motion,2022-04-14
1649939190.0,1649939320.0,motion,2022-04-14
1649939770.0,1649939800.0,motion,2022-04-14
1649940970.0,1649940990.0,motion,2022-04-14
1649942390.0,1649942910.0,motion,2022-04-14
1649943230.0,1649946970.0,motion,2022-04-14
1649947430.0,1649950570.0,motion,2022-04-14
1649951360.0,1649951380.0,motion,2022-04-14
1649951850.0,1649951900.0,motion,2022-04-14
1649952260.0,1649953520.0,motion,2022-04-14
1649954110.0,1649955580.0,motion,2022-04-14
1649820670.0,1649821050.0,wake,2022-04-13
1649852060.0,1649853120.0,wake,2022-04-13
1649853620.0,1649853670.0,wake,2022-04-13
1649854500.0,1649855320.0,wake,2022-04-13
1649855800.0,1649856110.0,wake,2022-04-13
1649856520.0,1649856750.0,wake,2022-04-13
1649857090.0,1649857830.0,wake,2022-04-13
1649860110.0,1649860480.0,wake,2022-04-13
1649863070.0,1649863620.0,wake,2022-04-13
1649864230.0,1649865710.0,wake,2022-04-13
1649866050.0,1649866270.0,wake,2022-04-13
1649868330.0,1649868470.0,wake,2022-04-13
1649869170.0,1649869330.0,wake,2022-04-13
1649871630.0,1649871650.0,wake,2022-04-13
1649815540.0,1649815560.0,motion,2022-04-13
1649815960.0,1649817630.0,motion,2022-04-13
1649818050.0,1649818540.0,motion,2022-04-13
1649819280.0,1649819470.0,motion,2022-04-13
1649819810.0,1649819830.0,motion,2022-04-13
1649820190.0,1649821050.0,motion,2022-04-13
1649821770.0,1649821880.0,motion,2022-04-13
1649823550.0,1649823600.0,motion,2022-04-13
1649824030.0,1649824060.0,motion,2022-04-13
1649838250.0,1649838270.0,motion,2022-04-13
1649839410.0,1649839460.0,motion,2022-04-13
1649843570.0,1649843590.0,motion,2022-04-13
1649848750.0,1649848770.0,motion,2022-04-13
1649849570.0,1649849590.0,motion,2022-04-13
1649850710.0,1649850720.0,motion,2022-04-13
1649851930.0,1649859300.0,motion,2022-04-13
1649859790.0,1649860470.0,motion,2022-04-13
1649860790.0,1649861100.0,motion,2022-04-13
1649861690.0,1649869440.0,motion,2022-04-13
1649869790.0,1649870030.0,motion,2022-04-13
1649870340.0,1649870360.0,motion,2022-04-13
1649871070.0,1649871620.0,motion,2022-04-13
1649872330.0,1649872450.0,motion,2022-04-13
1650345520.0,1650346150.0,wake,2022-04-19
1650371070.0,1650371450.0,wake,2022-04-19
1650372180.0,1650372190.0,wake,2022-04-19
1650387060.0,1650387210.0,wake,2022-04-19
1650387970.0,1650388320.0,wake,2022-04-19
1650390280.0,1650390300.0,wake,2022-04-19
1650390830.0,1650390850.0,wake,2022-04-19
1650335840.0,1650335860.0,motion,2022-04-19
1650336350.0,1650336880.0,motion,2022-04-19
1650337220.0,1650337230.0,motion,2022-04-19
1650337860.0,1650338950.0,motion,2022-04-19
1650339560.0,1650340010.0,motion,2022-04-19
1650340430.0,1650340440.0,motion,2022-04-19
1650341130.0,1650341440.0,motion,2022-04-19
1650341950.0,1650342090.0,motion,2022-04-19
1650342690.0,1650343230.0,motion,2022-04-19
1650344000.0,1650344140.0,motion,2022-04-19
1650344520.0,1650346790.0,motion,2022-04-19
1650360100.0,1650360110.0,motion,2022-04-19
1650363800.0,1650363810.0,motion,2022-04-19
1650365260.0,1650365290.0,motion,2022-04-19
1650370330.0,1650372230.0,motion,2022-04-19
1650372620.0,1650373250.0,motion,2022-04-19
1650373860.0,1650374170.0,motion,2022-04-19
1650374700.0,1650375310.0,motion,2022-04-19
1650376320.0,1650376430.0,motion,2022-04-19
1650376750.0,1650376760.0,motion,2022-04-19
1650377340.0,1650377470.0,motion,2022-04-19
1650379150.0,1650379160.0,motion,2022-04-19
1650379850.0,1650379870.0,motion,2022-04-19
1650381520.0,1650381540.0,motion,2022-04-19
1650382410.0,1650382520.0,motion,2022-04-19
1650383060.0,1650383370.0,motion,2022-04-19
1650385100.0,1650385120.0,motion,2022-04-19
1650385850.0,1650385880.0,motion,2022-04-19
1650386400.0,1650387210.0,motion,2022-04-19
1650387910.0,1650388330.0,motion,2022-04-19
1650388720.0,1650388740.0,motion,2022-04-19
1650389120.0,1650391150.0,motion,2022-04-19
1650251410.0,1650251530.0,wake,2022-04-18
1650254050.0,1650254420.0,wake,2022-04-18
1650254980.0,1650254990.0,wake,2022-04-18
1650286820.0,1650286880.0,wake,2022-04-18
1650287410.0,1650287540.0,wake,2022-04-18
1650295050.0,1650295510.0,wake,2022-04-18
1650296090.0,1650296130.0,wake,2022-04-18
1650296570.0,1650296580.0,wake,2022-04-18
1650296930.0,1650296940.0,wake,2022-04-18
1650297700.0,1650298170.0,wake,2022-04-18
1650298580.0,1650298670.0,wake,2022-04-18
1650299810.0,1650299850.0,wake,2022-04-18
1650301040.0,1650301740.0,wake,2022-04-18
1650247860.0,1650248020.0,motion,2022-04-18
1650248400.0,1650249250.0,motion,2022-04-18
1650249880.0,1650250340.0,motion,2022-04-18
1650251150.0,1650251650.0,motion,2022-04-18
1650252660.0,1650252710.0,motion,2022-04-18
1650253970.0,1650254410.0,motion,2022-04-18
1650254910.0,1650255100.0,motion,2022-04-18
1650265560.0,1650265580.0,motion,2022-04-18
1650270020.0,1650270090.0,motion,2022-04-18
1650272180.0,1650272200.0,motion,2022-04-18
1650273280.0,1650273290.0,motion,2022-04-18
1650273860.0,1650273880.0,motion,2022-04-18
1650275270.0,1650275350.0,motion,2022-04-18
1650282530.0,1650282540.0,motion,2022-04-18
1650285350.0,1650285360.0,motion,2022-04-18
1650285850.0,1650285990.0,motion,2022-04-18
1650286370.0,1650288460.0,motion,2022-04-18
1650288980.0,1650290260.0,motion,2022-04-18
1650290850.0,1650291280.0,motion,2022-04-18
1650291740.0,1650291840.0,motion,2022-04-18
1650294840.0,1650299040.0,motion,2022-04-18
1650299640.0,1650300050.0,motion,2022-04-18
1650300410.0,1650300520.0,motion,2022-04-18
1650300990.0,1650302020.0,motion,2022-04-18
1650302360.0,1650302940.0,motion,2022-04-18
1650303380.0,1650303500.0,motion,2022-04-18
1650303810.0,1650304680.0,motion,2022-04-18
1650079220.0,1650079250.0,wake,2022-04-16
1650080120.0,1650080130.0,wake,2022-04-16
1650086350.0,1650086380.0,wake,2022-04-16
1650116630.0,1650116730.0,wake,2022-04-16
1650124590.0,1650124890.0,wake,2022-04-16
1650125410.0,1650125490.0,wake,2022-04-16
1650075290.0,1650075360.0,motion,2022-04-16
1650076430.0,1650076450.0,motion,2022-04-16
1650077100.0,1650077130.0,motion,2022-04-16
1650077550.0,1650078120.0,motion,2022-04-16
1650078650.0,1650080400.0,motion,2022-04-16
1650082740.0,1650082760.0,motion,2022-04-16
1650083990.0,1650084570.0,motion,2022-04-16
1650085010.0,1650085050.0,motion,2022-04-16
1650085390.0,1650085720.0,motion,2022-04-16
1650086070.0,1650086380.0,motion,2022-04-16
1650097360.0,1650097370.0,motion,2022-04-16
1650098140.0,1650098160.0,motion,2022-04-16
1650102920.0,1650102930.0,motion,2022-04-16
1650111080.0,1650111270.0,motion,2022-04-16
1650111620.0,1650111660.0,motion,2022-04-16
1650113850.0,1650113880.0,motion,2022-04-16
1650116000.0,1650116910.0,motion,2022-04-16
1650117570.0,1650117590.0,motion,2022-04-16
1650120660.0,1650120860.0,motion,2022-04-16
1650121740.0,1650121770.0,motion,2022-04-16
1650122310.0,1650122520.0,motion,2022-04-16
1650124330.0,1650126070.0,motion,2022-04-16
1650126840.0,1650126850.0,motion,2022-04-16
1650127160.0,1650127330.0,motion,2022-04-16
1650127860.0,1650128020.0,motion,2022-04-16
1650128390.0,1650128520.0,motion,2022-04-16
1650128940.0,1650129080.0,motion,2022-04-16
1650131460.0,1650131780.0,motion,2022-04-16
1650162600.0,1650162900.0,wake,2022-04-17
1650165130.0,1650165420.0,wake,2022-04-17
1650166170.0,1650166270.0,wake,2022-04-17
1650169680.0,1650169950.0,wake,2022-04-17
1650174790.0,1650174800.0,wake,2022-04-17
1650200370.0,1650200380.0,wake,2022-04-17
1650200940.0,1650201230.0,wake,2022-04-17
1650203830.0,1650204180.0,wake,2022-04-17
1650204760.0,1650204770.0,wake,2022-04-17
1650205110.0,1650205210.0,wake,2022-04-17
1650210160.0,1650210200.0,wake,2022-04-17
1650160930.0,1650162070.0,motion,2022-04-17
1650162540.0,1650164740.0,motion,2022-04-17
1650165060.0,1650167030.0,motion,2022-04-17
1650167500.0,1650168390.0,motion,2022-04-17
1650168700.0,1650168740.0,motion,2022-04-17
1650169600.0,1650170040.0,motion,2022-04-17
1650171850.0,1650171860.0,motion,2022-04-17
1650172300.0,1650172440.0,motion,2022-04-17
1650174360.0,1650174880.0,motion,2022-04-17
1650194660.0,1650194680.0,motion,2022-04-17
1650197350.0,1650197370.0,motion,2022-04-17
1650198140.0,1650198150.0,motion,2022-04-17
1650198550.0,1650198560.0,motion,2022-04-17
1650199490.0,1650201410.0,motion,2022-04-17
1650201760.0,1650202470.0,motion,2022-04-17
1650202990.0,1650203010.0,motion,2022-04-17
1650203410.0,1650205480.0,motion,2022-04-17
1650207350.0,1650207360.0,motion,2022-04-17
1650207790.0,1650207800.0,motion,2022-04-17
1650208390.0,1650209200.0,motion,2022-04-17
1650209880.0,1650210380.0,motion,2022-04-17
1650213360.0,1650213620.0,motion,2022-04-17
1650214150.0,1650214620.0,motion,2022-04-17
1650215350.0,1650215360.0,motion,2022-04-17
1650217480.0,1650217500.0,motion,2022-04-17
1650217930.0,1650217970.0,motion,2022-04-17
1649989590.0,1649989660.0,wake,2022-04-15
1649989970.0,1649990030.0,wake,2022-04-15
1650031490.0,1650031820.0,wake,2022-04-15
1650035910.0,1650036660.0,wake,2022-04-15
1650037060.0,1650037840.0,wake,2022-04-15
1650038210.0,1650038320.0,wake,2022-04-15
1650039460.0,1650039510.0,wake,2022-04-15
1649989020.0,1649990920.0,motion,2022-04-15
1649991260.0,1649991280.0,motion,2022-04-15
1649992740.0,1649992770.0,motion,2022-04-15
1649993080.0,1649993400.0,motion,2022-04-15
1649996000.0,1649996030.0,motion,2022-04-15
1649996450.0,1649996800.0,motion,2022-04-15
1649997710.0,1649998560.0,motion,2022-04-15
1649999170.0,1649999180.0,motion,2022-04-15
1650013670.0,1650013920.0,motion,2022-04-15
1650016300.0,1650016310.0,motion,2022-04-15
1650019050.0,1650019060.0,motion,2022-04-15
1650020160.0,1650020170.0,motion,2022-04-15
1650022100.0,1650022110.0,motion,2022-04-15
1650025440.0,1650025450.0,motion,2022-04-15
1650028200.0,1650028220.0,motion,2022-04-15
1650028950.0,1650029070.0,motion,2022-04-15
1650029590.0,1650029630.0,motion,2022-04-15
1650030580.0,1650032560.0,motion,2022-04-15
1650032980.0,1650034470.0,motion,2022-04-15
1650034890.0,1650035040.0,motion,2022-04-15
1650035430.0,1650038640.0,motion,2022-04-15
1650039050.0,1650039510.0,motion,2022-04-15
1650039990.0,1650040010.0,motion,2022-04-15
1650041610.0,1650041640.0,motion,2022-04-15
1650042920.0,1650042940.0,motion,2022-04-15
1649902450.0,1649902540.0,wake,2022-04-14
1649903960.0,1649904030.0,wake,2022-04-14
1649904410.0,1649904440.0,wake,2022-04-14
1649904860.0,1649904880.0,wake,2022-04-14
1649909330.0,1649909560.0,wake,2022-04-14
1649915160.0,1649915170.0,wake,2022-04-14
1649938780.0,1649938820.0,wake,2022-04-14
1649942460.0,1649942790.0,wake,2022-04-14
1649944990.0,1649945250.0,wake,2022-04-14
1649945670.0,1649945770.0,wake,2022-04-14
1649946120.0,1649946350.0,wake,2022-04-14
1649947590.0,1649947730.0,wake,2022-04-14
1649948090.0,1649948450.0,wake,2022-04-14
1649952330.0,1649952340.0,wake,2022-04-14
1649954460.0,1649955040.0,wake,2022-04-14
1649955500.0,1649955590.0,wake,2022-04-14
1649901630.0,1649902830.0,motion,2022-04-14
1649903360.0,1649903550.0,motion,2022-04-14
1649903890.0,1649905080.0,motion,2022-04-14
1649905510.0,1649905560.0,motion,2022-04-14
1649906090.0,1649906330.0,motion,2022-04-14
1649906810.0,1649909820.0,motion,2022-04-14
1649915090.0,1649915410.0,motion,2022-04-14
1649935980.0,1649935990.0,motion,2022-04-14
1649937320.0,1649937360.0,motion,2022-04-14
1649938520.0,1649938820.0,motion,2022-04-14
1649939300.0,1649939320.0,motion,2022-04-14
1649939770.0,1649939790.0,motion,2022-04-14
1649942390.0,1649942910.0,motion,2022-04-14
1649943250.0,1649946960.0,motion,2022-04-14
1649947430.0,1649949430.0,motion,2022-04-14
1649949970.0,1649950560.0,motion,2022-04-14
1649951360.0,1649951380.0,motion,2022-04-14
1649951850.0,1649951890.0,motion,2022-04-14
1649952260.0,1649953520.0,motion,2022-04-14
1649954110.0,1649955580.0,motion,2022-04-14
1649852700.0,1649852800.0,wake,2022-04-13
1649854790.0,1649855010.0,wake,2022-04-13
1649855850.0,1649855900.0,wake,2022-04-13
1649856530.0,1649856730.0,wake,2022-04-13
1649857430.0,1649857470.0,wake,2022-04-13
1649860350.0,1649860470.0,wake,2022-04-13
1649863350.0,1649863370.0,wake,2022-04-13
1649864780.0,1649865240.0,wake,2022-04-13
1649866100.0,1649866260.0,wake,2022-04-13
1649815540.0,1649815560.0,motion,2022-04-13
1649815960.0,1649816340.0,motion,2022-04-13
1649816680.0,1649817490.0,motion,2022-04-13
1649818050.0,1649818530.0,motion,2022-04-13
1649819300.0,1649819460.0,motion,2022-04-13
1649819810.0,1649819830.0,motion,2022-04-13
1649820310.0,1649821040.0,motion,2022-04-13
1649821770.0,1649821780.0,motion,2022-04-13
1649823560.0,1649823600.0,motion,2022-04-13
1649824040.0,1649824060.0,motion,2022-04-13
1649838260.0,1649838270.0,motion,2022-04-13
1649839410.0,1649839420.0,motion,2022-04-13
1649843580.0,1649843590.0,motion,2022-04-13
1649848750.0,1649848770.0,motion,2022-04-13
1649850710.0,1649850720.0,motion,2022-04-13
1649851990.0,1649857990.0,motion,2022-04-13
1649858360.0,1649859300.0,motion,2022-04-13
1649859790.0,1649860470.0,motion,2022-04-13
1649860790.0,1649860820.0,motion,2022-04-13
1649861710.0,1649862310.0,motion,2022-04-13
1649862630.0,1649867250.0,motion,2022-04-13
1649867600.0,1649869430.0,motion,2022-04-13
1649869810.0,1649869820.0,motion,2022-04-13
1649870340.0,1649870350.0,motion,2022-04-13
1649871070.0,1649871250.0,motion,2022-04-13
1649871560.0,1649871620.0,motion,2022-04-13
1649872330.0,1649872360.0,motion,2022-04-13
1650387980.0,1650388010.0,wake,2022-04-19
1650335840.0,1650335860.0,motion,2022-04-19
1650336350.0,1650336590.0,motion,2022-04-19
1650337950.0,1650338890.0,motion,2022-04-19
1650339560.0,1650340010.0,motion,2022-04-19
1650340430.0,1650340440.0,motion,2022-04-19
1650341140.0,1650341420.0,motion,2022-04-19
1650342030.0,1650342090.0,motion,2022-04-19
1650342830.0,1650343230.0,motion,2022-04-19
1650344000.0,1650344140.0,motion,2022-04-19
1650344610.0,1650344630.0,motion,2022-04-19
1650344990.0,1650346790.0,motion,2022-04-19
1650363800.0,1650363810.0,motion,2022-04-19
1650365270.0,1650365280.0,motion,2022-04-19
1650370330.0,1650372210.0,motion,2022-04-19
1650372620.0,1650372640.0,motion,2022-04-19
1650373160.0,1650373240.0,motion,2022-04-19
1650373860.0,1650374170.0,motion,2022-04-19
1650374710.0,1650374750.0,motion,2022-04-19
1650375090.0,1650375100.0,motion,2022-04-19
1650376330.0,1650376420.0,motion,2022-04-19
1650377350.0,1650377470.0,motion,2022-04-19
1650379150.0,1650379160.0,motion,2022-04-19
1650381520.0,1650381540.0,motion,2022-04-19
1650382490.0,1650382520.0,motion,2022-04-19
1650386420.0,1650386600.0,motion,2022-04-19
1650386910.0,1650387210.0,motion,2022-04-19
1650387910.0,1650388330.0,motion,2022-04-19
1650388720.0,1650388740.0,motion,2022-04-19
1650389200.0,1650391140.0,motion,2022-04-19
1650251470.0,1650251510.0,wake,2022-04-18
1650254390.0,1650254400.0,wake,2022-04-18
1650301170.0,1650301290.0,wake,2022-04-18
1650301610.0,1650301700.0,wake,2022-04-18
1650248010.0,1650248020.0,motion,2022-04-18
1650248400.0,1650248960.0,motion,2022-04-18
1650249880.0,1650250210.0,motion,2022-04-18
1650251150.0,1650251650.0,motion,2022-04-18
1650252660.0,1650252710.0,motion,2022-04-18
1650253980.0,1650254410.0,motion,2022-04-18
1650254920.0,1650254980.0,motion,2022-04-18
1650265560.0,1650265570.0,motion,2022-04-18
1650270030.0,1650270040.0,motion,2022-04-18
1650273870.0,1650273880.0,motion,2022-04-18
1650275270.0,1650275350.0,motion,2022-04-18
1650282530.0,1650282540.0,motion,2022-04-18
1650285850.0,1650285880.0,motion,2022-04-18
1650286370.0,1650286380.0,motion,2022-04-18
1650286750.0,1650288420.0,motion,2022-04-18
1650289000.0,1650289010.0,motion,2022-04-18
1650289490.0,1650290060.0,motion,2022-04-18
1650291160.0,1650291270.0,motion,2022-04-18
1650291820.0,1650291830.0,motion,2022-04-18
1650294860.0,1650296130.0,motion,2022-04-18
1650296500.0,1650297180.0,motion,2022-04-18
1650297510.0,1650299030.0,motion,2022-04-18
1650299640.0,1650300050.0,motion,2022-04-18
1650300990.0,1650302020.0,motion,2022-04-18
1650302370.0,1650302720.0,motion,2022-04-18
1650303480.0,1650303500.0,motion,2022-04-18
1650303940.0,1650304680.0,motion,2022-04-18
1650075300.0,1650075360.0,motion,2022-04-16
1650076430.0,1650076450.0,motion,2022-04-16
1650077100.0,1650077130.0,motion,2022-04-16
1650077550.0,1650077570.0,motion,2022-04-16
1650079150.0,1650079250.0,motion,2022-04-16
1650079850.0,1650080400.0,motion,2022-04-16
1650084000.0,1650084020.0,motion,2022-04-16
1650084330.0,1650084570.0,motion,2022-04-16
1650085020.0,1650085040.0,motion,2022-04-16
1650085710.0,1650085720.0,motion,2022-04-16
1650086220.0,1650086370.0,motion,2022-04-16
1650098150.0,1650098160.0,motion,2022-04-16
1650102920.0,1650102930.0,motion,2022-04-16
1650111090.0,1650111270.0,motion,2022-04-16
1650111620.0,1650111650.0,motion,2022-04-16
1650113850.0,1650113870.0,motion,2022-04-16
1650116000.0,1650116900.0,motion,2022-04-16
1650117570.0,1650117590.0,motion,2022-04-16
1650120660.0,1650120850.0,motion,2022-04-16
1650121740.0,1650121760.0,motion,2022-04-16
1650122310.0,1650122520.0,motion,2022-04-16
1650124330.0,1650125060.0,motion,2022-04-16
1650125370.0,1650126070.0,motion,2022-04-16
1650127200.0,1650127330.0,motion,2022-04-16
1650127860.0,1650127890.0,motion,2022-04-16
1650128430.0,1650128440.0,motion,2022-04-16
1650128950.0,1650129080.0,motion,2022-04-16
1650131460.0,1650131780.0,motion,2022-04-16
1650162630.0,1650162680.0,wake,2022-04-17
1650166190.0,1650166260.0,wake,2022-04-17
1650169900.0,1650169920.0,wake,2022-04-17
1650203860.0,1650203880.0,wake,2022-04-17
1650160940.0,1650161550.0,motion,2022-04-17
1650161900.0,1650162060.0,motion,2022-04-17
1650162550.0,1650164740.0,motion,2022-04-17
1650165060.0,1650167000.0,motion,2022-04-17
1650167530.0,1650168390.0,motion,2022-04-17
1650168710.0,1650168740.0,motion,2022-04-17
1650169610.0,1650170040.0,motion,2022-04-17
1650172420.0,1650172440.0,motion,2022-04-17
1650174370.0,1650174880.0,motion,2022-04-17
1650198140.0,1650198150.0,motion,2022-04-17
1650198550.0,1650198560.0,motion,2022-04-17
1650199490.0,1650199650.0,motion,2022-04-17
1650199990.0,1650200560.0,motion,2022-04-17
1650200880.0,1650201400.0,motion,2022-04-17
1650201760.0,1650202470.0,motion,2022-04-17
1650203420.0,1650204160.0,motion,2022-04-17
1650204480.0,1650205470.0,motion,2022-04-17
1650208390.0,1650208400.0,motion,2022-04-17
1650208900.0,1650208910.0,motion,2022-04-17
1650209890.0,1650210360.0,motion,2022-04-17
1650213360.0,1650213600.0,motion,2022-04-17
1650214150.0,1650214530.0,motion,2022-04-17
1650217490.0,1650217500.0,motion,2022-04-17
1650031750.0,1650031780.0,wake,2022-04-15
1650036600.0,1650036640.0,wake,2022-04-15
1650037550.0,1650037610.0,wake,2022-04-15
1649989030.0,1649989040.0,motion,2022-04-15
1649989530.0,1649990310.0,motion,2022-04-15
1649992760.0,1649992770.0,motion,2022-04-15
1649993320.0,1649993330.0,motion,2022-04-15
1649996000.0,1649996020.0,motion,2022-04-15
1649996450.0,1649996480.0,motion,2022-04-15
1649997710.0,1649998460.0,motion,2022-04-15
1649999170.0,1649999180.0,motion,2022-04-15
1650013670.0,1650013680.0,motion,2022-04-15
1650019050.0,1650019060.0,motion,2022-04-15
1650022100.0,1650022110.0,motion,2022-04-15
1650028950.0,1650029070.0,motion,2022-04-15
1650029590.0,1650029630.0,motion,2022-04-15
1650030580.0,1650030590.0,motion,2022-04-15
1650030990.0,1650032440.0,motion,2022-04-15
1650032980.0,1650034470.0,motion,2022-04-15
1650034900.0,1650035030.0,motion,2022-04-15
1650035580.0,1650038640.0,motion,2022-04-15
1650039280.0,1650039510.0,motion,2022-04-15
1650040000.0,1650040010.0,motion,2022-04-15
1650041620.0,1650041630.0,motion,2022-04-15
1650042920.0,1650042940.0,motion,2022-04-15
1649942470.0,1649942720.0,wake,2022-04-14
1649945040.0,1649945110.0,wake,2022-04-14
1649945700.0,1649945720.0,wake,2022-04-14
1649947600.0,1649947610.0,wake,2022-04-14
1649954500.0,1649954560.0,wake,2022-04-14
1649901630.0,1649902820.0,motion,2022-04-14
1649903360.0,1649903380.0,motion,2022-04-14
1649903890.0,1649904440.0,motion,2022-04-14
1649904790.0,1649905060.0,motion,2022-04-14
1649905550.0,1649905560.0,motion,2022-04-14
1649906090.0,1649906330.0,motion,2022-04-14
1649907030.0,1649908600.0,motion,2022-04-14
1649909040.0,1649909800.0,motion,2022-04-14
1649915090.0,1649915410.0,motion,2022-04-14
1649935980.0,1649935990.0,motion,2022-04-14
1649937320.0,1649937360.0,motion,2022-04-14
1649938520.0,1649938810.0,motion,2022-04-14
1649939770.0,1649939790.0,motion,2022-04-14
1649942390.0,1649942790.0,motion,2022-04-14
1649943250.0,1649943850.0,motion,2022-04-14
1649944180.0,1649946600.0,motion,2022-04-14
1649946920.0,1649946950.0,motion,2022-04-14
1649947430.0,1649949420.0,motion,2022-04-14
1649949970.0,1649950000.0,motion,2022-04-14
1649950450.0,1649950550.0,motion,2022-04-14
1649951860.0,1649951890.0,motion,2022-04-14
1649952270.0,1649953280.0,motion,2022-04-14
1649954190.0,1649955580.0,motion,2022-04-14
1649815540.0,1649815560.0,motion,2022-04-13
1649815960.0,1649816230.0,motion,2022-04-13
1649816700.0,1649816720.0,motion,2022-04-13
1649817030.0,1649817040.0,motion,2022-04-13
1649818290.0,1649818460.0,motion,2022-04-13
1649819410.0,1649819420.0,motion,2022-04-13
1649820310.0,1649821040.0,motion,2022-04-13
1649823560.0,1649823590.0,motion,2022-04-13
1649824040.0,1649824050.0,motion,2022-04-13
1649838260.0,1649838270.0,motion,2022-04-13
1649848760.0,1649848770.0,motion,2022-04-13
1649852000.0,1649854080.0,motion,2022-04-13
1649854460.0,1649856120.0,motion,2022-04-13
1649856480.0,1649857800.0,motion,2022-04-13
1649858360.0,1649858390.0,motion,2022-04-13
1649859020.0,1649859040.0,motion,2022-04-13
1649860040.0,1649860460.0,motion,2022-04-13
1649860800.0,1649860810.0,motion,2022-04-13
1649862160.0,1649862180.0,motion,2022-04-13
1649862940.0,1649864280.0,motion,2022-04-13
1649864610.0,1649866400.0,motion,2022-04-13
1649867190.0,1649867200.0,motion,2022-04-13
1649867600.0,1649867910.0,motion,2022-04-13
1649868270.0,1649869400.0,motion,2022-04-13
1649870340.0,1649870350.0,motion,2022-04-13
1649871230.0,1649871240.0,motion,2022-04-13
1649871560.0,1649871620.0,motion,2022-04-13
1649872340.0,1649872360.0,motion,2022-04-13
1650336360.0,1650336590.0,motion,2022-04-19
1650337950.0,1650338890.0,motion,2022-04-19
1650339710.0,1650340010.0,motion,2022-04-19
1650341140.0,1650341150.0,motion,2022-04-19
1650342040.0,1650342080.0,motion,2022-04-19
1650343210.0,1650343230.0,motion,2022-04-19
1650344000.0,1650344010.0,motion,2022-04-19
1650344610.0,1650344630.0,motion,2022-04-19
1650345290.0,1650346450.0,motion,2022-04-19
1650346760.0,1650346790.0,motion,2022-04-19
1650363800.0,1650363810.0,motion,2022-04-19
1650365270.0,1650365280.0,motion,2022-04-19
1650370330.0,1650372170.0,motion,2022-04-19
1650372620.0,1650372630.0,motion,2022-04-19
1650373210.0,1650373240.0,motion,2022-04-19
1650373860.0,1650374170.0,motion,2022-04-19
1650374710.0,1650374750.0,motion,2022-04-19
1650376330.0,1650376340.0,motion,2022-04-19
1650377360.0,1650377460.0,motion,2022-04-19
1650381520.0,1650381530.0,motion,2022-04-19
1650382490.0,1650382510.0,motion,2022-04-19
1650386490.0,1650386600.0,motion,2022-04-19
1650386910.0,1650387210.0,motion,2022-04-19
1650387910.0,1650388320.0,motion,2022-04-19
1650388730.0,1650388740.0,motion,2022-04-19
1650389260.0,1650389270.0,motion,2022-04-19
1650389590.0,1650389610.0,motion,2022-04-19
1650390010.0,1650390830.0,motion,2022-04-19
1650248490.0,1650248880.0,motion,2022-04-18
1650249880.0,1650250210.0,motion,2022-04-18
1650251160.0,1650251510.0,motion,2022-04-18
1650252670.0,1650252710.0,motion,2022-04-18
1650253980.0,1650254400.0,motion,2022-04-18
1650254920.0,1650254970.0,motion,2022-04-18
1650265560.0,1650265570.0,motion,2022-04-18
1650270030.0,1650270040.0,motion,2022-04-18
1650285850.0,1650285870.0,motion,2022-04-18
1650286370.0,1650286380.0,motion,2022-04-18
1650286800.0,1650288030.0,motion,2022-04-18
1650288390.0,1650288420.0,motion,2022-04-18
1650289670.0,1650289920.0,motion,2022-04-18
1650291240.0,1650291260.0,motion,2022-04-18
1650294990.0,1650296130.0,motion,2022-04-18
1650296530.0,1650296590.0,motion,2022-04-18
1650296910.0,1650297180.0,motion,2022-04-18
1650297510.0,1650298680.0,motion,2022-04-18
1650299820.0,1650300000.0,motion,2022-04-18
1650301000.0,1650301970.0,motion,2022-04-18
1650302370.0,1650302720.0,motion,2022-04-18
1650303480.0,1650303490.0,motion,2022-04-18
1650303940.0,1650304450.0,motion,2022-04-18
1650075300.0,1650075360.0,motion,2022-04-16
1650076430.0,1650076440.0,motion,2022-04-16
1650077100.0,1650077120.0,motion,2022-04-16
1650077550.0,1650077560.0,motion,2022-04-16
1650079160.0,1650079250.0,motion,2022-04-16
1650079850.0,1650080390.0,motion,2022-04-16
1650084000.0,1650084020.0,motion,2022-04-16
1650084350.0,1650084380.0,motion,2022-04-16
1650085030.0,1650085040.0,motion,2022-04-16
1650086230.0,1650086370.0,motion,2022-04-16
1650102920.0,1650102930.0,motion,2022-04-16
1650111090.0,1650111270.0,motion,2022-04-16
1650111620.0,1650111650.0,motion,2022-04-16
1650113850.0,1650113870.0,motion,2022-04-16
1650116250.0,1650116900.0,motion,2022-04-16
1650120720.0,1650120850.0,motion,2022-04-16
1650121740.0,1650121760.0,motion,2022-04-16
1650122310.0,1650122520.0,motion,2022-04-16
1650124400.0,1650125060.0,motion,2022-04-16
1650125380.0,1650125730.0,motion,2022-04-16
1650127240.0,1650127330.0,motion,2022-04-16
1650127870.0,1650127890.0,motion,2022-04-16
1650128950.0,1650129070.0,motion,2022-04-16
1650131460.0,1650131780.0,motion,2022-04-16
1650161240.0,1650161550.0,motion,2022-04-17
1650161900.0,1650162060.0,motion,2022-04-17
1650162560.0,1650163790.0,motion,2022-04-17
1650164230.0,1650164740.0,motion,2022-04-17
1650165060.0,1650165720.0,motion,2022-04-17
1650166110.0,1650166950.0,motion,2022-04-17
1650167770.0,1650167790.0,motion,2022-04-17
1650168380.0,1650168390.0,motion,2022-04-17
1650168710.0,1650168730.0,motion,2022-04-17
1650169610.0,1650169920.0,motion,2022-04-17
1650174370.0,1650174870.0,motion,2022-04-17
1650199490.0,1650199650.0,motion,2022-04-17
1650199990.0,1650200380.0,motion,2022-04-17
1650200890.0,1650201390.0,motion,2022-04-17
1650201890.0,1650201980.0,motion,2022-04-17
1650202410.0,1650202470.0,motion,2022-04-17
1650203420.0,1650204160.0,motion,2022-04-17
1650204490.0,1650205270.0,motion,2022-04-17
1650210010.0,1650210200.0,motion,2022-04-17
1650213590.0,1650213600.0,motion,2022-04-17
1650214150.0,1650214460.0,motion,2022-04-17
1650217490.0,1650217500.0,motion,2022-04-17
1649989530.0,1649990310.0,motion,2022-04-15
1649997900.0,1649998420.0,motion,2022-04-15
1650029040.0,1650029060.0,motion,2022-04-15
1650029590.0,1650029620.0,motion,2022-04-15
1650031020.0,1650032060.0,motion,2022-04-15
1650032400.0,1650032440.0,motion,2022-04-15
1650032980.0,1650033090.0,motion,2022-04-15
1650033520.0,1650033950.0,motion,2022-04-15
1650034440.0,1650034460.0,motion,2022-04-15
1650034900.0,1650035020.0,motion,2022-04-15
1650035590.0,1650038320.0,motion,2022-04-15
1650039280.0,1650039510.0,motion,2022-04-15
1650042920.0,1650042940.0,motion,2022-04-15
1649901770.0,1649902490.0,motion,2022-04-14
1649903360.0,1649903380.0,motion,2022-04-14
1649903920.0,1649904430.0,motion,2022-04-14
1649904830.0,1649904860.0,motion,2022-04-14
1649906300.0,1649906330.0,motion,2022-04-14
1649907040.0,1649907960.0,motion,2022-04-14
1649908280.0,1649908300.0,motion,2022-04-14
1649909100.0,1649909780.0,motion,2022-04-14
1649915090.0,1649915180.0,motion,2022-04-14
1649937330.0,1649937350.0,motion,2022-04-14
1649938750.0,1649938800.0,motion,2022-04-14
1649939780.0,1649939790.0,motion,2022-04-14
1649942400.0,1649942780.0,motion,2022-04-14
1649943300.0,1649943840.0,motion,2022-04-14
1649944360.0,1649944380.0,motion,2022-04-14
1649944920.0,1649946600.0,motion,2022-04-14
1649946920.0,1649946940.0,motion,2022-04-14
1649947530.0,1649948730.0,motion,2022-04-14
1649949200.0,1649949410.0,motion,2022-04-14
1649949970.0,1649949990.0,motion,2022-04-14
1649950540.0,1649950550.0,motion,2022-04-14
1649951860.0,1649951890.0,motion,2022-04-14
1649952270.0,1649952300.0,motion,2022-04-14
1649952690.0,1649953060.0,motion,2022-04-14
1649954240.0,1649955580.0,motion,2022-04-14
1649818290.0,1649818400.0,motion,2022-04-13
1649820860.0,1649821000.0,motion,2022-04-13
1649823560.0,1649823590.0,motion,2022-04-13
1649852110.0,1649852820.0,motion,2022-04-13
1649853470.0,1649853590.0,motion,2022-04-13
1649853930.0,1649854070.0,motion,2022-04-13
1649854500.0,1649854980.0,motion,2022-04-13
1649855800.0,1649856120.0,motion,2022-04-13
1649856490.0,1649856720.0,motion,2022-04-13
1649857080.0,1649857410.0,motion,2022-04-13
1649857780.0,1649857800.0,motion,2022-04-13
1649858360.0,1649858380.0,motion,2022-04-13
1649859030.0,1649859040.0,motion,2022-04-13
1649860300.0,1649860460.0,motion,2022-04-13
1649862170.0,1649862180.0,motion,2022-04-13
1649863020.0,1649863330.0,motion,2022-04-13
1649864250.0,1649864280.0,motion,2022-04-13
1649864620.0,1649866240.0,motion,2022-04-13
1649867720.0,1649867900.0,motion,2022-04-13
1649868270.0,1649868430.0,motion,2022-04-13
1649868800.0,1649869150.0,motion,2022-04-13
1649871230.0,1649871240.0,motion,2022-04-13
1649871570.0,1649871610.0,motion,2022-04-13
1649872340.0,1649872360.0,motion,2022-04-13
1650336400.0,1650336430.0,wake,2022-04-19
1650337940.0,1650338010.0,wake,2022-04-19
1650338670.0,1650338800.0,wake,2022-04-19
1650342060.0,1650342100.0,wake,2022-04-19
1650345360.0,1650346300.0,wake,2022-04-19
1650346780.0,1650346800.0,wake,2022-04-19
1650370390.0,1650372250.0,wake,2022-04-19
1650373210.0,1650373270.0,wake,2022-04-19
1650377390.0,1650377460.0,wake,2022-04-19
1650386440.0,1650386520.0,wake,2022-04-19
1650387050.0,1650387270.0,wake,2022-04-19
1650387950.0,1650388370.0,wake,2022-04-19
1650389610.0,1650389620.0,wake,2022-04-19
1650390030.0,1650390880.0,wake,2022-04-19
1650333810.0,1650334010.0,motion,2022-04-19
1650335690.0,1650335860.0,motion,2022-04-19
1650336340.0,1650336890.0,motion,2022-04-19
1650337220.0,1650337410.0,motion,2022-04-19
1650337860.0,1650340010.0,motion,2022-04-19
1650340430.0,1650340450.0,motion,2022-04-19
1650340880.0,1650341520.0,motion,2022-04-19
1650341940.0,1650342160.0,motion,2022-04-19
1650342690.0,1650343240.0,motion,2022-04-19
1650343900.0,1650344140.0,motion,2022-04-19
1650344510.0,1650347000.0,motion,2022-04-19
1650357190.0,1650357200.0,motion,2022-04-19
1650362690.0,1650362720.0,motion,2022-04-19
1650363790.0,1650363820.0,motion,2022-04-19
1650365260.0,1650365290.0,motion,2022-04-19
1650367960.0,1650367970.0,motion,2022-04-19
1650368520.0,1650368540.0,motion,2022-04-19
1650370320.0,1650373420.0,motion,2022-04-19
1650373850.0,1650374170.0,motion,2022-04-19
1650374530.0,1650375310.0,motion,2022-04-19
1650375740.0,1650375760.0,motion,2022-04-19
1650376320.0,1650377470.0,motion,2022-04-19
1650378470.0,1650378540.0,motion,2022-04-19
1650379010.0,1650379170.0,motion,2022-04-19
1650379540.0,1650380170.0,motion,2022-04-19
1650381310.0,1650381540.0,motion,2022-04-19
1650382410.0,1650382540.0,motion,2022-04-19
1650383060.0,1650383370.0,motion,2022-04-19
1650384130.0,1650384150.0,motion,2022-04-19
1650384460.0,1650384480.0,motion,2022-04-19
1650385100.0,1650385130.0,motion,2022-04-19
1650385850.0,1650385960.0,motion,2022-04-19
1650386390.0,1650387270.0,motion,2022-04-19
1650387810.0,1650388750.0,motion,2022-04-19
1650389110.0,1650391150.0,motion,2022-04-19
1650248540.0,1650248900.0,wake,2022-04-18
1650249940.0,1650250240.0,wake,2022-04-18
1650251320.0,1650251540.0,wake,2022-04-18
1650252700.0,1650252740.0,wake,2022-04-18
1650254020.0,1650254430.0,wake,2022-04-18
1650254950.0,1650255020.0,wake,2022-04-18
1650286570.0,1650288090.0,wake,2022-04-18
1650288440.0,1650288470.0,wake,2022-04-18
1650289920.0,1650289950.0,wake,2022-04-18
1650291120.0,1650291290.0,wake,2022-04-18
1650294900.0,1650295540.0,wake,2022-04-18
1650296020.0,1650296160.0,wake,2022-04-18
1650296520.0,1650297210.0,wake,2022-04-18
1650297530.0,1650298680.0,wake,2022-04-18
1650299780.0,1650300060.0,wake,2022-04-18
1650301000.0,1650302030.0,wake,2022-04-18
1650302450.0,1650302480.0,wake,2022-04-18
1650304010.0,1650304120.0,wake,2022-04-18
1650247360.0,1650247370.0,motion,2022-04-18
1650247860.0,1650249250.0,motion,2022-04-18
1650249870.0,1650250360.0,motion,2022-04-18
1650251140.0,1650251650.0,motion,2022-04-18
1650252030.0,1650252270.0,motion,2022-04-18
1650252660.0,1650252720.0,motion,2022-04-18
1650253510.0,1650253530.0,motion,2022-04-18
1650253970.0,1650254410.0,motion,2022-04-18
1650254900.0,1650255120.0,motion,2022-04-18
1650264760.0,1650264780.0,motion,2022-04-18
1650265550.0,1650265840.0,motion,2022-04-18
1650268760.0,1650268780.0,motion,2022-04-18
1650270020.0,1650270090.0,motion,2022-04-18
1650272180.0,1650272200.0,motion,2022-04-18
1650273260.0,1650273290.0,motion,2022-04-18
1650273860.0,1650273890.0,motion,2022-04-18
1650275260.0,1650275360.0,motion,2022-04-18
1650280860.0,1650280880.0,motion,2022-04-18
1650282520.0,1650282550.0,motion,2022-04-18
1650285850.0,1650285990.0,motion,2022-04-18
1650286360.0,1650289030.0,motion,2022-04-18
1650289380.0,1650290390.0,motion,2022-04-18
1650290840.0,1650291360.0,motion,2022-04-18
1650291730.0,1650291850.0,motion,2022-04-18
1650294840.0,1650299040.0,motion,2022-04-18
1650299400.0,1650300050.0,motion,2022-04-18
1650300400.0,1650302020.0,motion,2022-04-18
1650302360.0,1650304700.0,motion,2022-04-18
1650075340.0,1650075380.0,wake,2022-04-16
1650079190.0,1650079290.0,wake,2022-04-16
1650079870.0,1650080440.0,wake,2022-04-16
1650084360.0,1650084400.0,wake,2022-04-16
1650086270.0,1650086410.0,wake,2022-04-16
1650116320.0,1650116770.0,wake,2022-04-16
1650122370.0,1650122390.0,wake,2022-04-16
1650124510.0,1650125080.0,wake,2022-04-16
1650125400.0,1650125780.0,wake,2022-04-16
1650127230.0,1650127360.0,wake,2022-04-16
1650128430.0,1650128480.0,wake,2022-04-16
1650128990.0,1650129100.0,wake,2022-04-16
1650131630.0,1650131650.0,wake,2022-04-16
1650075290.0,1650075610.0,motion,2022-04-16
1650076430.0,1650076450.0,motion,2022-04-16
1650077090.0,1650077130.0,motion,2022-04-16
1650077540.0,1650080410.0,motion,2022-04-16
1650080740.0,1650080750.0,motion,2022-04-16
1650082740.0,1650083000.0,motion,2022-04-16
1650083990.0,1650084570.0,motion,2022-04-16
1650085010.0,1650085050.0,motion,2022-04-16
1650085390.0,1650086380.0,motion,2022-04-16
1650086970.0,1650087030.0,motion,2022-04-16
1650098140.0,1650098160.0,motion,2022-04-16
1650102030.0,1650102050.0,motion,2022-04-16
1650102920.0,1650102940.0,motion,2022-04-16
1650110950.0,1650111270.0,motion,2022-04-16
1650111620.0,1650111660.0,motion,2022-04-16
1650113770.0,1650113880.0,motion,2022-04-16
1650115990.0,1650116910.0,motion,2022-04-16
1650117460.0,1650117590.0,motion,2022-04-16
1650118180.0,1650118190.0,motion,2022-04-16
1650118760.0,1650118780.0,motion,2022-04-16
1650120650.0,1650120870.0,motion,2022-04-16
1650121740.0,1650121770.0,motion,2022-04-16
1650122300.0,1650122620.0,motion,2022-04-16
1650124330.0,1650126080.0,motion,2022-04-16
1650126550.0,1650127510.0,motion,2022-04-16
1650127860.0,1650128030.0,motion,2022-04-16
1650128340.0,1650128520.0,motion,2022-04-16
1650128930.0,1650129090.0,motion,2022-04-16
1650131460.0,1650131790.0,motion,2022-04-16
1650161000.0,1650161590.0,wake,2022-04-17
1650162590.0,1650163810.0,wake,2022-04-17
1650164720.0,1650164780.0,wake,2022-04-17
1650165090.0,1650165570.0,wake,2022-04-17
1650166110.0,1650167030.0,wake,2022-04-17
1650167800.0,1650167870.0,wake,2022-04-17
1650168330.0,1650168400.0,wake,2022-04-17
1650169650.0,1650169980.0,wake,2022-04-17
1650174550.0,1650174880.0,wake,2022-04-17
1650200050.0,1650200540.0,wake,2022-04-17
1650200900.0,1650201270.0,wake,2022-04-17
1650201910.0,1650202050.0,wake,2022-04-17
1650202420.0,1650202500.0,wake,2022-04-17
1650203560.0,1650204200.0,wake,2022-04-17
1650204550.0,1650205490.0,wake,2022-04-17
1650210060.0,1650210400.0,wake,2022-04-17
1650214350.0,1650214570.0,wake,2022-04-17
1650160930.0,1650162070.0,motion,2022-04-17
1650162540.0,1650167040.0,motion,2022-04-17
1650167490.0,1650168940.0,motion,2022-04-17
1650169480.0,1650169980.0,motion,2022-04-17
1650171850.0,1650171860.0,motion,2022-04-17
1650172240.0,1650172450.0,motion,2022-04-17
1650174360.0,1650174890.0,motion,2022-04-17
1650175570.0,1650175580.0,motion,2022-04-17
1650194660.0,1650194680.0,motion,2022-04-17
1650197350.0,1650197370.0,motion,2022-04-17
1650198140.0,1650198570.0,motion,2022-04-17
1650199620.0,1650202480.0,motion,2022-04-17
1650202800.0,1650205480.0,motion,2022-04-17
1650206610.0,1650206660.0,motion,2022-04-17
1650207050.0,1650207370.0,motion,2022-04-17
1650207790.0,1650208050.0,motion,2022-04-17
1650208380.0,1650209200.0,motion,2022-04-17
1650209880.0,1650210380.0,motion,2022-04-17
1650211630.0,1650211640.0,motion,2022-04-17
1650212450.0,1650212460.0,motion,2022-04-17
1650213350.0,1650213620.0,motion,2022-04-17
1650214140.0,1650214840.0,motion,2022-04-17
1650215150.0,1650215470.0,motion,2022-04-17
1650217480.0,1650217500.0,motion,2022-04-17
1650217920.0,1650217970.0,motion,2022-04-17
1649989560.0,1649990350.0,wake,2022-04-15
1649993160.0,1649993170.0,wake,2022-04-15
1649996790.0,1649996800.0,wake,2022-04-15
1649997930.0,1649998490.0,wake,2022-04-15
1650031020.0,1650031990.0,wake,2022-04-15
1650032430.0,1650032490.0,wake,2022-04-15
1650033010.0,1650033600.0,wake,2022-04-15
1650034200.0,1650034500.0,wake,2022-04-15
1650034960.0,1650035070.0,wake,2022-04-15
1650035490.0,1650038360.0,wake,2022-04-15
1650039330.0,1650039540.0,wake,2022-04-15
1649989020.0,1649991290.0,motion,2022-04-15
1649991730.0,1649992070.0,motion,2022-04-15
1649992740.0,1649993440.0,motion,2022-04-15
1649996000.0,1649996070.0,motion,2022-04-15
1649996450.0,1649997130.0,motion,2022-04-15
1649997710.0,1649998560.0,motion,2022-04-15
1649999170.0,1649999180.0,motion,2022-04-15
1650013660.0,1650013920.0,motion,2022-04-15
1650015330.0,1650015350.0,motion,2022-04-15
1650016290.0,1650016310.0,motion,2022-04-15
1650019050.0,1650019060.0,motion,2022-04-15
1650020160.0,1650020180.0,motion,2022-04-15
1650022090.0,1650022120.0,motion,2022-04-15
1650025440.0,1650025450.0,motion,2022-04-15
1650025850.0,1650025860.0,motion,2022-04-15
1650028280.0,1650028530.0,motion,2022-04-15
1650028940.0,1650029070.0,motion,2022-04-15
1650029580.0,1650029640.0,motion,2022-04-15
1650030580.0,1650032640.0,motion,2022-04-15
1650032960.0,1650039520.0,motion,2022-04-15
1650039950.0,1650040010.0,motion,2022-04-15
1650040460.0,1650040480.0,motion,2022-04-15
1650041610.0,1650041640.0,motion,2022-04-15
1650042910.0,1650042940.0,motion,2022-04-15
1649901960.0,1649902700.0,wake,2022-04-14
1649903930.0,1649904460.0,wake,2022-04-14
1649904830.0,1649905120.0,wake,2022-04-14
1649905570.0,1649905630.0,wake,2022-04-14
1649906350.0,1649906360.0,wake,2022-04-14
1649907340.0,1649907430.0,wake,2022-04-14
1649907930.0,1649907960.0,wake,2022-04-14
1649908280.0,1649908420.0,wake,2022-04-14
1649909030.0,1649909860.0,wake,2022-04-14
1649915140.0,1649915470.0,wake,2022-04-14
1649938580.0,1649938840.0,wake,2022-04-14
1649942440.0,1649942840.0,wake,2022-04-14
1649943290.0,1649943860.0,wake,2022-04-14
1649944180.0,1649946610.0,wake,2022-04-14
1649947470.0,1649949430.0,wake,2022-04-14
1649950050.0,1649950060.0,wake,2022-04-14
1649950510.0,1649950590.0,wake,2022-04-14
1649951920.0,1649951940.0,wake,2022-04-14
1649952310.0,1649952370.0,wake,2022-04-14
1649953090.0,1649953140.0,wake,2022-04-14
1649954230.0,1649955600.0,wake,2022-04-14
1649901630.0,1649902840.0,motion,2022-04-14
1649903360.0,1649903540.0,motion,2022-04-14
1649903880.0,1649905640.0,motion,2022-04-14
1649906090.0,1649906330.0,motion,2022-04-14
1649906730.0,1649909840.0,motion,2022-04-14
1649915080.0,1649915470.0,motion,2022-04-14
1649917770.0,1649917790.0,motion,2022-04-14
1649933800.0,1649934000.0,motion,2022-04-14
1649935970.0,1649935990.0,motion,2022-04-14
1649937320.0,1649937360.0,motion,2022-04-14
1649938510.0,1649938830.0,motion,2022-04-14
1649939300.0,1649939320.0,motion,2022-04-14
1649939770.0,1649939800.0,motion,2022-04-14
1649942390.0,1649942910.0,motion,2022-04-14
1649943230.0,1649946970.0,motion,2022-04-14
1649947420.0,1649950580.0,motion,2022-04-14
1649951360.0,1649951380.0,motion,2022-04-14
1649951850.0,1649951900.0,motion,2022-04-14
1649952260.0,1649953520.0,motion,2022-04-14
1649954090.0,1649955580.0,motion,2022-04-14
1649816350.0,1649816360.0,wake,2022-04-13
1649817030.0,1649817100.0,wake,2022-04-13
1649820520.0,1649821070.0,wake,2022-04-13
1649852040.0,1649853730.0,wake,2022-04-13
1649854130.0,1649854140.0,wake,2022-04-13
1649854500.0,1649856140.0,wake,2022-04-13
1649856520.0,1649857840.0,wake,2022-04-13
1649860100.0,1649860500.0,wake,2022-04-13
1649862170.0,1649862220.0,wake,2022-04-13
1649862650.0,1649866290.0,wake,2022-04-13
1649867260.0,1649867270.0,wake,2022-04-13
1649867640.0,1649867650.0,wake,2022-04-13
1649868180.0,1649868490.0,wake,2022-04-13
1649868800.0,1649868820.0,wake,2022-04-13
1649869150.0,1649869340.0,wake,2022-04-13
1649871600.0,1649871670.0,wake,2022-04-13
1649815530.0,1649815560.0,motion,2022-04-13
1649815880.0,1649816370.0,motion,2022-04-13
1649816680.0,1649817630.0,motion,2022-04-13
1649818040.0,1649818540.0,motion,2022-04-13
1649819280.0,1649819470.0,motion,2022-04-13
1649819810.0,1649819840.0,motion,2022-04-13
1649820190.0,1649821050.0,motion,2022-04-13
1649821770.0,1649821880.0,motion,2022-04-13
1649823550.0,1649823610.0,motion,2022-04-13
1649824030.0,1649824060.0,motion,2022-04-13
1649838250.0,1649838270.0,motion,2022-04-13
1649839400.0,1649839460.0,motion,2022-04-13
1649840590.0,1649840610.0,motion,2022-04-13
1649843570.0,1649843590.0,motion,2022-04-13
1649844270.0,1649844290.0,motion,2022-04-13
1649848750.0,1649848770.0,motion,2022-04-13
1649849570.0,1649849590.0,motion,2022-04-13
1649850710.0,1649850730.0,motion,2022-04-13
1649851930.0,1649860470.0,motion,2022-04-13
1649860790.0,1649861100.0,motion,2022-04-13
1649861690.0,1649869440.0,motion,2022-04-13
1649869790.0,1649870360.0,motion,2022-04-13
1649871070.0,1649871670.0,motion,2022-04-13
1649872340.0,1649872470.0,motion,2022-04-13
1650342070.0,1650342090.0,wake,2022-04-19
1650345520.0,1650346270.0,wake,2022-04-19
1650370950.0,1650372240.0,wake,2022-04-19
1650373230.0,1650373250.0,wake,2022-04-19
1650377410.0,1650377460.0,wake,2022-04-19
1650387060.0,1650387260.0,wake,2022-04-19
1650387960.0,1650388360.0,wake,2022-04-19
1650390270.0,1650390310.0,wake,2022-04-19
1650390820.0,1650390870.0,wake,2022-04-19
1650335690.0,1650335860.0,motion,2022-04-19
1650336350.0,1650336590.0,motion,2022-04-19
1650337220.0,1650337240.0,motion,2022-04-19
1650337860.0,1650338950.0,motion,2022-04-19
1650339560.0,1650340010.0,motion,2022-04-19
1650340430.0,1650340450.0,motion,2022-04-19
1650341130.0,1650341440.0,motion,2022-04-19
1650342030.0,1650342090.0,motion,2022-04-19
1650342690.0,1650343230.0,motion,2022-04-19
1650344000.0,1650344140.0,motion,2022-04-19
1650344520.0,1650346800.0,motion,2022-04-19
1650362690.0,1650362720.0,motion,2022-04-19
1650363790.0,1650363810.0,motion,2022-04-19
1650365260.0,1650365290.0,motion,2022-04-19
1650368520.0,1650368540.0,motion,2022-04-19
1650370330.0,1650372210.0,motion,2022-04-19
1650372610.0,1650373250.0,motion,2022-04-19
1650373850.0,1650374170.0,motion,2022-04-19
1650374700.0,1650375310.0,motion,2022-04-19
1650376320.0,1650376430.0,motion,2022-04-19
1650376750.0,1650376760.0,motion,2022-04-19
1650377340.0,1650377470.0,motion,2022-04-19
1650378520.0,1650378540.0,motion,2022-04-19
1650379140.0,1650379160.0,motion,2022-04-19
1650379540.0,1650380170.0,motion,2022-04-19
1650381520.0,1650381540.0,motion,2022-04-19
1650382410.0,1650382520.0,motion,2022-04-19
1650383350.0,1650383370.0,motion,2022-04-19
1650384460.0,1650384480.0,motion,2022-04-19
1650385100.0,1650385120.0,motion,2022-04-19
1650386400.0,1650387220.0,motion,2022-04-19
1650387900.0,1650388330.0,motion,2022-04-19
1650388720.0,1650388750.0,motion,2022-04-19
1650389120.0,1650391150.0,motion,2022-04-19
1650248740.0,1650248890.0,wake,2022-04-18
1650250110.0,1650250210.0,wake,2022-04-18
1650251410.0,1650251530.0,wake,2022-04-18
1650254040.0,1650254420.0,wake,2022-04-18
1650254960.0,1650255000.0,wake,2022-04-18
1650286820.0,1650287080.0,wake,2022-04-18
1650287390.0,1650287590.0,wake,2022-04-18
1650288450.0,1650288460.0,wake,2022-04-18
1650295030.0,1650295510.0,wake,2022-04-18
1650296080.0,1650296130.0,wake,2022-04-18
1650296560.0,1650296610.0,wake,2022-04-18
1650296920.0,1650297000.0,wake,2022-04-18
1650297680.0,1650298210.0,wake,2022-04-18
1650298580.0,1650298680.0,wake,2022-04-18
1650299810.0,1650300060.0,wake,2022-04-18
1650301030.0,1650301750.0,wake,2022-04-18
1650304100.0,1650304110.0,wake,2022-04-18
1650247860.0,1650248020.0,motion,2022-04-18
1650248400.0,1650249250.0,motion,2022-04-18
1650249880.0,1650250340.0,motion,2022-04-18
1650251150.0,1650251650.0,motion,2022-04-18
1650252660.0,1650252710.0,motion,2022-04-18
1650253970.0,1650254410.0,motion,2022-04-18
1650254910.0,1650255100.0,motion,2022-04-18
1650265560.0,1650265580.0,motion,2022-04-18
1650270020.0,1650270090.0,motion,2022-04-18
1650272180.0,1650272200.0,motion,2022-04-18
1650273860.0,1650273890.0,motion,2022-04-18
1650275270.0,1650275350.0,motion,2022-04-18
1650282520.0,1650282540.0,motion,2022-04-18
1650285850.0,1650285990.0,motion,2022-04-18
1650286370.0,1650288460.0,motion,2022-04-18
1650288780.0,1650289010.0,motion,2022-04-18
1650289380.0,1650290270.0,motion,2022-04-18
1650290850.0,1650291280.0,motion,2022-04-18
1650291740.0,1650291840.0,motion,2022-04-18
1650294840.0,1650299040.0,motion,2022-04-18
1650299640.0,1650300050.0,motion,2022-04-18
1650300410.0,1650300520.0,motion,2022-04-18
1650300990.0,1650302020.0,motion,2022-04-18
1650302360.0,1650302720.0,motion,2022-04-18
1650303380.0,1650303500.0,motion,2022-04-18
1650303810.0,1650304680.0,motion,2022-04-18
1650079200.0,1650079270.0,wake,2022-04-16
1650080110.0,1650080160.0,wake,2022-04-16
1650086280.0,1650086400.0,wake,2022-04-16
1650116570.0,1650116750.0,wake,2022-04-16
1650124530.0,1650125060.0,wake,2022-04-16
1650125410.0,1650125530.0,wake,2022-04-16
1650127270.0,1650127340.0,wake,2022-04-16
1650129010.0,1650129020.0,wake,2022-04-16
1650075300.0,1650075360.0,motion,2022-04-16
1650076430.0,1650076450.0,motion,2022-04-16
1650077090.0,1650077130.0,motion,2022-04-16
1650077540.0,1650078120.0,motion,2022-04-16
1650078650.0,1650080410.0,motion,2022-04-16
1650082740.0,1650082760.0,motion,2022-04-16
1650083990.0,1650084570.0,motion,2022-04-16
1650085010.0,1650085050.0,motion,2022-04-16
1650085390.0,1650086380.0,motion,2022-04-16
1650098140.0,1650098160.0,motion,2022-04-16
1650102920.0,1650102940.0,motion,2022-04-16
1650111080.0,1650111270.0,motion,2022-04-16
1650111620.0,1650111660.0,motion,2022-04-16
1650113770.0,1650113880.0,motion,2022-04-16
1650115990.0,1650116910.0,motion,2022-04-16
1650117460.0,1650117590.0,motion,2022-04-16
1650120660.0,1650120860.0,motion,2022-04-16
1650121740.0,1650121770.0,motion,2022-04-16
1650122310.0,1650122520.0,motion,2022-04-16
1650124330.0,1650126070.0,motion,2022-04-16
1650127160.0,1650127340.0,motion,2022-04-16
1650127860.0,1650128020.0,motion,2022-04-16
1650128390.0,1650128520.0,motion,2022-04-16
1650128940.0,1650129080.0,motion,2022-04-16
1650131460.0,1650131780.0,motion,2022-04-16
1650161300.0,1650161460.0,wake,2022-04-17
1650162590.0,1650163040.0,wake,2022-04-17
1650163380.0,1650163790.0,wake,2022-04-17
1650164720.0,1650164770.0,wake,2022-04-17
1650165090.0,1650165430.0,wake,2022-04-17
1650166160.0,1650166270.0,wake,2022-04-17
1650166940.0,1650167000.0,wake,2022-04-17
1650169650.0,1650169970.0,wake,2022-04-17
1650174550.0,1650174870.0,wake,2022-04-17
1650200060.0,1650200390.0,wake,2022-04-17
1650200930.0,1650201240.0,wake,2022-04-17
1650201980.0,1650201990.0,wake,2022-04-17
1650203820.0,1650204180.0,wake,2022-04-17
1650204680.0,1650205310.0,wake,2022-04-17
1650210150.0,1650210230.0,wake,2022-04-17
1650160930.0,1650162070.0,motion,2022-04-17
1650162540.0,1650167030.0,motion,2022-04-17
1650167490.0,1650168740.0,motion,2022-04-17
1650169600.0,1650169970.0,motion,2022-04-17
1650171850.0,1650171860.0,motion,2022-04-17
1650172300.0,1650172440.0,motion,2022-04-17
1650174360.0,1650174880.0,motion,2022-04-17
1650194660.0,1650194680.0,motion,2022-04-17
1650197350.0,1650197370.0,motion,2022-04-17
1650198140.0,1650198150.0,motion,2022-04-17
1650198550.0,1650198560.0,motion,2022-04-17
1650199630.0,1650201410.0,motion,2022-04-17
1650201760.0,1650202480.0,motion,2022-04-17
1650202800.0,1650203010.0,motion,2022-04-17
1650203410.0,1650205470.0,motion,2022-04-17
1650207790.0,1650207800.0,motion,2022-04-17
1650208390.0,1650208410.0,motion,2022-04-17
1650208890.0,1650209200.0,motion,2022-04-17
1650209880.0,1650210380.0,motion,2022-04-17
1650212450.0,1650212460.0,motion,2022-04-17
1650213360.0,1650213620.0,motion,2022-04-17
1650214140.0,1650214620.0,motion,2022-04-17
1650215150.0,1650215360.0,motion,2022-04-17
1650217480.0,1650217500.0,motion,2022-04-17
1650217930.0,1650217970.0,motion,2022-04-17
1649989560.0,1649990040.0,wake,2022-04-15
1649998150.0,1649998460.0,wake,2022-04-15
1650031060.0,1650031820.0,wake,2022-04-15
1650032450.0,1650032480.0,wake,2022-04-15
1650033060.0,1650033580.0,wake,2022-04-15
1650034970.0,1650035040.0,wake,2022-04-15
1650035790.0,1650036660.0,wake,2022-04-15
1650037060.0,1650038360.0,wake,2022-04-15
1650039450.0,1650039530.0,wake,2022-04-15
1649989020.0,1649989200.0,motion,2022-04-15
1649989520.0,1649990920.0,motion,2022-04-15
1649991260.0,1649991280.0,motion,2022-04-15
1649991810.0,1649991820.0,motion,2022-04-15
1649992740.0,1649992770.0,motion,2022-04-15
1649993080.0,1649993400.0,motion,2022-04-15
1649996000.0,1649996030.0,motion,2022-04-15
1649996450.0,1649996800.0,motion,2022-04-15
1649997710.0,1649998560.0,motion,2022-04-15
1649999170.0,1649999180.0,motion,2022-04-15
1650013660.0,1650013680.0,motion,2022-04-15
1650016290.0,1650016310.0,motion,2022-04-15
1650019050.0,1650019060.0,motion,2022-04-15
1650020160.0,1650020180.0,motion,2022-04-15
1650022100.0,1650022110.0,motion,2022-04-15
1650025440.0,1650025450.0,motion,2022-04-15
1650028520.0,1650028530.0,motion,2022-04-15
1650028950.0,1650029070.0,motion,2022-04-15
1650029590.0,1650029630.0,motion,2022-04-15
1650030580.0,1650032460.0,motion,2022-04-15
1650032980.0,1650034470.0,motion,2022-04-15
1650034890.0,1650035040.0,motion,2022-04-15
1650035450.0,1650038640.0,motion,2022-04-15
1650039060.0,1650039510.0,motion,2022-04-15
1650039990.0,1650040010.0,motion,2022-04-15
1650041610.0,1650041640.0,motion,2022-04-15
1650042910.0,1650042940.0,motion,2022-04-15
1649902030.0,1649902550.0,wake,2022-04-14
1649903950.0,1649904030.0,wake,2022-04-14
1649904390.0,1649904450.0,wake,2022-04-14
1649904850.0,1649904900.0,wake,2022-04-14
1649909100.0,1649909830.0,wake,2022-04-14
1649915140.0,1649915190.0,wake,2022-04-14
1649938780.0,1649938830.0,wake,2022-04-14
1649942460.0,1649942800.0,wake,2022-04-14
1649943320.0,1649943370.0,wake,2022-04-14
1649943840.0,1649943850.0,wake,2022-04-14
1649944980.0,1649945280.0,wake,2022-04-14
1649945650.0,1649946600.0,wake,2022-04-14
1649947550.0,1649948450.0,wake,2022-04-14
1649949050.0,1649949420.0,wake,2022-04-14
1649950530.0,1649950540.0,wake,2022-04-14
1649952330.0,1649952350.0,wake,2022-04-14
1649954250.0,1649955600.0,wake,2022-04-14
1649901630.0,1649902830.0,motion,2022-04-14
1649903360.0,1649903540.0,motion,2022-04-14
1649903890.0,1649905080.0,motion,2022-04-14
1649905510.0,1649905600.0,motion,2022-04-14
1649906090.0,1649906330.0,motion,2022-04-14
1649906810.0,1649909800.0,motion,2022-04-14
1649915080.0,1649915410.0,motion,2022-04-14
1649933990.0,1649934000.0,motion,2022-04-14
1649935980.0,1649935990.0,motion,2022-04-14
1649937320.0,1649937360.0,motion,2022-04-14
1649938510.0,1649938820.0,motion,2022-04-14
1649939300.0,1649939320.0,motion,2022-04-14
1649939770.0,1649939790.0,motion,2022-04-14
1649942390.0,1649942800.0,motion,2022-04-14
1649943250.0,1649946960.0,motion,2022-04-14
1649947430.0,1649949430.0,motion,2022-04-14
1649949970.0,1649950000.0,motion,2022-04-14
1649950440.0,1649950560.0,motion,2022-04-14
1649951360.0,1649951380.0,motion,2022-04-14
1649951850.0,1649951900.0,motion,2022-04-14
1649952260.0,1649953520.0,motion,2022-04-14
1649954110.0,1649955580.0,motion,2022-04-14
1649820900.0,1649820940.0,wake,2022-04-13
1649852100.0,1649852150.0,wake,2022-04-13
1649852590.0,1649853040.0,wake,2022-04-13
1649853630.0,1649853640.0,wake,2022-04-13
1649854510.0,1649855030.0,wake,2022-04-13
1649855830.0,1649855960.0,wake,2022-04-13
1649856530.0,1649856740.0,wake,2022-04-13
1649857110.0,1649857800.0,wake,2022-04-13
1649860170.0,1649860480.0,wake,2022-04-13
1649863080.0,1649863110.0,wake,2022-04-13
1649864310.0,1649864330.0,wake,2022-04-13
1649864680.0,1649865240.0,wake,2022-04-13
1649866060.0,1649866270.0,wake,2022-04-13
1649815540.0,1649815560.0,motion,2022-04-13
1649815960.0,1649816340.0,motion,2022-04-13
1649816680.0,1649817490.0,motion,2022-04-13
1649818050.0,1649818530.0,motion,2022-04-13
1649819300.0,1649819460.0,motion,2022-04-13
1649819810.0,1649819830.0,motion,2022-04-13
1649820300.0,1649821050.0,motion,2022-04-13
1649821770.0,1649821780.0,motion,2022-04-13
1649823550.0,1649823600.0,motion,2022-04-13
1649824030.0,1649824060.0,motion,2022-04-13
1649838250.0,1649838270.0,motion,2022-04-13
1649839410.0,1649839420.0,motion,2022-04-13
1649843570.0,1649843590.0,motion,2022-04-13
1649848750.0,1649848770.0,motion,2022-04-13
1649851990.0,1649857990.0,motion,2022-04-13
1649858350.0,1649859300.0,motion,2022-04-13
1649859790.0,1649860470.0,motion,2022-04-13
1649860790.0,1649860820.0,motion,2022-04-13
1649861700.0,1649862310.0,motion,2022-04-13
1649862630.0,1649867250.0,motion,2022-04-13
1649867600.0,1649869430.0,motion,2022-04-13
1649869810.0,1649869820.0,motion,2022-04-13
1649870340.0,1649870350.0,motion,2022-04-13
1649871230.0,1649871620.0,motion,2022-04-13
1649872340.0,1649872370.0,motion,2022-04-13
1650345520.0,1650346140.0,wake,2022-04-19
1650371100.0,1650371440.0,wake,2022-04-19
1650387110.0,1650387210.0,wake,2022-04-19
1650387970.0,1650388250.0,wake,2022-04-19
1650336350.0,1650336590.0,motion,2022-04-19
1650337950.0,1650338900.0,motion,2022-04-19
1650339710.0,1650340010.0,motion,2022-04-19
1650340430.0,1650340440.0,motion,2022-04-19
1650341130.0,1650341420.0,motion,2022-04-19
1650342030.0,1650342080.0,motion,2022-04-19
1650342690.0,1650343230.0,motion,2022-04-19
1650344000.0,1650344140.0,motion,2022-04-19
1650344610.0,1650344630.0,motion,2022-04-19
1650344990.0,1650346790.0,motion,2022-04-19
1650363800.0,1650363810.0,motion,2022-04-19
1650365260.0,1650365280.0,motion,2022-04-19
1650370330.0,1650372210.0,motion,2022-04-19
1650372620.0,1650372640.0,motion,2022-04-19
1650373160.0,1650373240.0,motion,2022-04-19
1650373860.0,1650374170.0,motion,2022-04-19
1650374700.0,1650374750.0,motion,2022-04-19
1650375090.0,1650375100.0,motion,2022-04-19
1650376320.0,1650376420.0,motion,2022-04-19
1650377350.0,1650377460.0,motion,2022-04-19
1650379150.0,1650379160.0,motion,2022-04-19
1650379860.0,1650379870.0,motion,2022-04-19
1650381520.0,1650381530.0,motion,2022-04-19
1650382490.0,1650382520.0,motion,2022-04-19
1650385100.0,1650385110.0,motion,2022-04-19
1650386420.0,1650387210.0,motion,2022-04-19
1650387910.0,1650388330.0,motion,2022-04-19
1650388730.0,1650388740.0,motion,2022-04-19
1650389200.0,1650391150.0,motion,2022-04-19
1650251430.0,1650251520.0,wake,2022-04-18
1650254190.0,1650254420.0,wake,2022-04-18
1650287450.0,1650287540.0,wake,2022-04-18
1650295110.0,1650295490.0,wake,2022-04-18
1650297700.0,1650297750.0,wake,2022-04-18
1650301060.0,1650301710.0,wake,2022-04-18
1650248010.0,1650248020.0,motion,2022-04-18
1650248490.0,1650248960.0,motion,2022-04-18
1650249880.0,1650250210.0,motion,2022-04-18
1650251150.0,1650251650.0,motion,2022-04-18
1650252660.0,1650252710.0,motion,2022-04-18
1650253970.0,1650254410.0,motion,2022-04-18
1650254920.0,1650254980.0,motion,2022-04-18
1650265560.0,1650265580.0,motion,2022-04-18
1650270020.0,1650270050.0,motion,2022-04-18
1650272180.0,1650272200.0,motion,2022-04-18
1650273870.0,1650273880.0,motion,2022-04-18
1650275270.0,1650275350.0,motion,2022-04-18
1650282530.0,1650282540.0,motion,2022-04-18
1650285850.0,1650285880.0,motion,2022-04-18
1650286370.0,1650286380.0,motion,2022-04-18
1650286750.0,1650288460.0,motion,2022-04-18
1650289000.0,1650289010.0,motion,2022-04-18
1650289490.0,1650290060.0,motion,2022-04-18
1650291160.0,1650291270.0,motion,2022-04-18
1650291820.0,1650291830.0,motion,2022-04-18
1650294860.0,1650296130.0,motion,2022-04-18
1650296500.0,1650297180.0,motion,2022-04-18
1650297510.0,1650299030.0,motion,2022-04-18
1650299640.0,1650300050.0,motion,2022-04-18
1650300990.0,1650302020.0,motion,2022-04-18
1650302370.0,1650302720.0,motion,2022-04-18
1650303480.0,1650303500.0,motion,2022-04-18
1650303940.0,1650304680.0,motion,2022-04-18
1650124750.0,1650124870.0,wake,2022-04-16
1650125440.0,1650125460.0,wake,2022-04-16
1650075300.0,1650075360.0,motion,2022-04-16
1650076430.0,1650076450.0,motion,2022-04-16
1650077100.0,1650077130.0,motion,2022-04-16
1650077550.0,1650077570.0,motion,2022-04-16
1650078000.0,1650078020.0,motion,2022-04-16
1650079150.0,1650079250.0,motion,2022-04-16
1650079850.0,1650080400.0,motion,2022-04-16
1650083990.0,1650084020.0,motion,2022-04-16
1650084330.0,1650084570.0,motion,2022-04-16
1650085020.0,1650085040.0,motion,2022-04-16
1650085470.0,1650085720.0,motion,2022-04-16
1650086220.0,1650086370.0,motion,2022-04-16
1650098140.0,1650098160.0,motion,2022-04-16
1650102920.0,1650102930.0,motion,2022-04-16
1650111080.0,1650111270.0,motion,2022-04-16
1650111620.0,1650111650.0,motion,2022-04-16
1650113850.0,1650113870.0,motion,2022-04-16
1650116000.0,1650116900.0,motion,2022-04-16
1650117570.0,1650117590.0,motion,2022-04-16
1650120660.0,1650120850.0,motion,2022-04-16
1650121740.0,1650121760.0,motion,2022-04-16
1650122310.0,1650122520.0,motion,2022-04-16
1650124330.0,1650125060.0,motion,2022-04-16
1650125370.0,1650126070.0,motion,2022-04-16
1650127200.0,1650127330.0,motion,2022-04-16
1650127860.0,1650127890.0,motion,2022-04-16
1650128430.0,1650128440.0,motion,2022-04-16
1650128950.0,1650129080.0,motion,2022-04-16
1650131460.0,1650131780.0,motion,2022-04-16
1650162610.0,1650162700.0,wake,2022-04-17
1650166180.0,1650166250.0,wake,2022-04-17
1650169680.0,1650169930.0,wake,2022-04-17
1650200950.0,1650201000.0,wake,2022-04-17
1650203840.0,1650204150.0,wake,2022-04-17
1650210180.0,1650210200.0,wake,2022-04-17
1650160940.0,1650161550.0,motion,2022-04-17
1650161900.0,1650162060.0,motion,2022-04-17
1650162550.0,1650164740.0,motion,2022-04-17
1650165060.0,1650165730.0,motion,2022-04-17
1650166110.0,1650167000.0,motion,2022-04-17
1650167530.0,1650168390.0,motion,2022-04-17
1650168710.0,1650168740.0,motion,2022-04-17
1650169600.0,1650169970.0,motion,2022-04-17
1650172420.0,1650172440.0,motion,2022-04-17
1650174360.0,1650174880.0,motion,2022-04-17
1650194660.0,1650194680.0,motion,2022-04-17
1650197350.0,1650197370.0,motion,2022-04-17
1650198140.0,1650198150.0,motion,2022-04-17
1650198550.0,1650198560.0,motion,2022-04-17
1650199630.0,1650199650.0,motion,2022-04-17
1650199990.0,1650200560.0,motion,2022-04-17
1650200880.0,1650201400.0,motion,2022-04-17
1650201760.0,1650202470.0,motion,2022-04-17
1650203410.0,1650204160.0,motion,2022-04-17
1650204480.0,1650205470.0,motion,2022-04-17
1650208390.0,1650208400.0,motion,2022-04-17
1650208890.0,1650208910.0,motion,2022-04-17
1650209880.0,1650210360.0,motion,2022-04-17
1650213360.0,1650213600.0,motion,2022-04-17
1650214150.0,1650214530.0,motion,2022-04-17
1650217480.0,1650217500.0,motion,2022-04-17
1649989600.0,1649989620.0,wake,2022-04-15
1649989970.0,1649990010.0,wake,2022-04-15
1650031490.0,1650031780.0,wake,2022-04-15
1650035930.0,1650036650.0,wake,2022-04-15
1650037070.0,1650037160.0,wake,2022-04-15
1650037540.0,1650037620.0,wake,2022-04-15
1650039470.0,1650039510.0,wake,2022-04-15
1649989030.0,1649989040.0,motion,2022-04-15
1649989520.0,1649990310.0,motion,2022-04-15
1649992740.0,1649992770.0,motion,2022-04-15
1649993080.0,1649993330.0,motion,2022-04-15
1649996000.0,1649996020.0,motion,2022-04-15
1649996470.0,1649996480.0,motion,2022-04-15
1649997710.0,1649998460.0,motion,2022-04-15
1649999170.0,1649999180.0,motion,2022-04-15
1650013670.0,1650013680.0,motion,2022-04-15
1650019050.0,1650019060.0,motion,2022-04-15
1650022100.0,1650022110.0,motion,2022-04-15
1650025440.0,1650025450.0,motion,2022-04-15
1650028950.0,1650029070.0,motion,2022-04-15
1650029590.0,1650029630.0,motion,2022-04-15
1650030580.0,1650030590.0,motion,2022-04-15
1650030990.0,1650032440.0,motion,2022-04-15
1650032980.0,1650034470.0,motion,2022-04-15
1650034890.0,1650035030.0,motion,2022-04-15
1650035580.0,1650038640.0,motion,2022-04-15
1650039280.0,1650039510.0,motion,2022-04-15
1650040000.0,1650040010.0,motion,2022-04-15
1650041620.0,1650041630.0,motion,2022-04-15
1650042920.0,1650042940.0,motion,2022-04-15
1649902450.0,1649902540.0,wake,2022-04-14
1649903990.0,1649904010.0,wake,2022-04-14
1649909330.0,1649909550.0,wake,2022-04-14
1649938810.0,1649938820.0,wake,2022-04-14
1649942470.0,1649942780.0,wake,2022-04-14
1649944990.0,1649945130.0,wake,2022-04-14
1649945670.0,1649945720.0,wake,2022-04-14
1649946130.0,1649946340.0,wake,2022-04-14
1649947590.0,1649947660.0,wake,2022-04-14
1649948430.0,1649948440.0,wake,2022-04-14
1649954500.0,1649954600.0,wake,2022-04-14
1649955550.0,1649955580.0,wake,2022-04-14
1649901630.0,1649902820.0,motion,2022-04-14
1649903360.0,1649903540.0,motion,2022-04-14
1649903890.0,1649904440.0,motion,2022-04-14
1649904790.0,1649905060.0,motion,2022-04-14
1649905550.0,1649905560.0,motion,2022-04-14
1649906090.0,1649906330.0,motion,2022-04-14
1649907030.0,1649908600.0,motion,2022-04-14
1649909040.0,1649909800.0,motion,2022-04-14
1649915090.0,1649915410.0,motion,2022-04-14
1649935980.0,1649935990.0,motion,2022-04-14
1649937320.0,1649937360.0,motion,2022-04-14
1649938520.0,1649938810.0,motion,2022-04-14
1649939770.0,1649939790.0,motion,2022-04-14
1649942390.0,1649942790.0,motion,2022-04-14
1649943250.0,1649943850.0,motion,2022-04-14
1649944180.0,1649946600.0,motion,2022-04-14
1649946920.0,1649946940.0,motion,2022-04-14
1649947430.0,1649949420.0,motion,2022-04-14
1649949970.0,1649950000.0,motion,2022-04-14
1649950450.0,1649950550.0,motion,2022-04-14
1649951860.0,1649951890.0,motion,2022-04-14
1649952270.0,1649953280.0,motion,2022-04-14
1649954190.0,1649955580.0,motion,2022-04-14
1649852710.0,1649852750.0,wake,2022-04-13
1649854800.0,1649854980.0,wake,2022-04-13
1649855850.0,1649855890.0,wake,2022-04-13
1649856550.0,1649856720.0,wake,2022-04-13
1649860370.0,1649860450.0,wake,2022-04-13
1649866100.0,1649866110.0,wake,2022-04-13
1649815540.0,1649815560.0,motion,2022-04-13
1649815960.0,1649816230.0,motion,2022-04-13
1649816700.0,1649816720.0,motion,2022-04-13
1649817030.0,1649817040.0,motion,2022-04-13
1649818290.0,1649818460.0,motion,2022-04-13
1649819410.0,1649819420.0,motion,2022-04-13
1649820450.0,1649821040.0,motion,2022-04-13
1649823560.0,1649823590.0,motion,2022-04-13
1649838260.0,1649838270.0,motion,2022-04-13
1649848750.0,1649848770.0,motion,2022-04-13
1649852000.0,1649854080.0,motion,2022-04-13
1649854460.0,1649857800.0,motion,2022-04-13
1649858360.0,1649858390.0,motion,2022-04-13
1649859020.0,1649859040.0,motion,2022-04-13
1649860040.0,1649860460.0,motion,2022-04-13
1649860800.0,1649860810.0,motion,2022-04-13
1649862160.0,1649862180.0,motion,2022-04-13
1649862940.0,1649864280.0,motion,2022-04-13
1649864610.0,1649866400.0,motion,2022-04-13
1649867190.0,1649867200.0,motion,2022-04-13
1649867600.0,1649867900.0,motion,2022-04-13
1649868270.0,1649869400.0,motion,2022-04-13
1649870340.0,1649870350.0,motion,2022-04-13
1649871230.0,1649871240.0,motion,2022-04-13
1649871560.0,1649871620.0,motion,2022-04-13
1649872340.0,1649872360.0,motion,2022-04-13
1650336360.0,1650336590.0,motion,2022-04-19
1650337950.0,1650338890.0,motion,2022-04-19
1650339710.0,1650340010.0,motion,2022-04-19
1650341140.0,1650341150.0,motion,2022-04-19
1650342030.0,1650342080.0,motion,2022-04-19
1650343210.0,1650343230.0,motion,2022-04-19
1650344000.0,1650344010.0,motion,2022-04-19
1650344610.0,1650344630.0,motion,2022-04-19
1650345290.0,1650346450.0,motion,2022-04-19
1650346760.0,1650346790.0,motion,2022-04-19
1650363800.0,1650363810.0,motion,2022-04-19
1650365270.0,1650365280.0,motion,2022-04-19
1650370330.0,1650372170.0,motion,2022-04-19
1650372620.0,1650372630.0,motion,2022-04-19
1650373210.0,1650373240.0,motion,2022-04-19
1650373860.0,1650374170.0,motion,2022-04-19
1650374710.0,1650374750.0,motion,2022-04-19
1650377360.0,1650377460.0,motion,2022-04-19
1650381520.0,1650381530.0,motion,2022-04-19
1650382490.0,1650382510.0,motion,2022-04-19
1650386490.0,1650386600.0,motion,2022-04-19
1650386910.0,1650387210.0,motion,2022-04-19
1650387910.0,1650388320.0,motion,2022-04-19
1650388730.0,1650388740.0,motion,2022-04-19
1650389260.0,1650389270.0,motion,2022-04-19
1650389590.0,1650389610.0,motion,2022-04-19
1650390010.0,1650390840.0,motion,2022-04-19
1650301190.0,1650301290.0,wake,2022-04-18
1650301630.0,1650301700.0,wake,2022-04-18
1650248490.0,1650248880.0,motion,2022-04-18
1650249880.0,1650250210.0,motion,2022-04-18
1650251160.0,1650251510.0,motion,2022-04-18
1650252670.0,1650252710.0,motion,2022-04-18
1650253980.0,1650254400.0,motion,2022-04-18
1650254920.0,1650254970.0,motion,2022-04-18
1650265560.0,1650265570.0,motion,2022-04-18
1650270030.0,1650270040.0,motion,2022-04-18
1650285850.0,1650285870.0,motion,2022-04-18
1650286370.0,1650286380.0,motion,2022-04-18
1650286800.0,1650288030.0,motion,2022-04-18
1650288390.0,1650288420.0,motion,2022-04-18
1650289910.0,1650289920.0,motion,2022-04-18
1650291240.0,1650291260.0,motion,2022-04-18
1650294990.0,1650296130.0,motion,2022-04-18
1650296530.0,1650296590.0,motion,2022-04-18
1650296910.0,1650297180.0,motion,2022-04-18
1650297510.0,1650298680.0,motion,2022-04-18
1650299820.0,1650300000.0,motion,2022-04-18
1650301000.0,1650302020.0,motion,2022-04-18
1650302370.0,1650302720.0,motion,2022-04-18
1650303480.0,1650303490.0,motion,2022-04-18
1650303940.0,1650304450.0,motion,2022-04-18
1650075300.0,1650075360.0,motion,2022-04-16
1650076430.0,1650076450.0,motion,2022-04-16
1650077100.0,1650077130.0,motion,2022-04-16
1650077550.0,1650077560.0,motion,2022-04-16
1650079160.0,1650079250.0,motion,2022-04-16
1650079850.0,1650080390.0,motion,2022-04-16
1650084000.0,1650084020.0,motion,2022-04-16
1650084350.0,1650084380.0,motion,2022-04-16
1650085030.0,1650085040.0,motion,2022-04-16
1650086230.0,1650086370.0,motion,2022-04-16
1650102920.0,1650102930.0,motion,2022-04-16
1650111090.0,1650111100.0,motion,2022-04-16
1650111620.0,1650111650.0,motion,2022-04-16
1650113850.0,1650113870.0,motion,2022-04-16
1650116250.0,1650116900.0,motion,2022-04-16
1650117570.0,1650117590.0,motion,2022-04-16
1650120720.0,1650120850.0,motion,2022-04-16
1650121740.0,1650121760.0,motion,2022-04-16
1650122310.0,1650122520.0,motion,2022-04-16
1650124390.0,1650125060.0,motion,2022-04-16
1650125380.0,1650125730.0,motion,2022-04-16
1650127240.0,1650127330.0,motion,2022-04-16
1650127870.0,1650127890.0,motion,2022-04-16
1650128950.0,1650129070.0,motion,2022-04-16
1650131460.0,1650131780.0,motion,2022-04-16
1650162650.0,1650162660.0,wake,2022-04-17
1650166220.0,1650166240.0,wake,2022-04-17
1650161240.0,1650161550.0,motion,2022-04-17
1650161900.0,1650162060.0,motion,2022-04-17
1650162560.0,1650163790.0,motion,2022-04-17
1650164230.0,1650164740.0,motion,2022-04-17
1650165060.0,1650165720.0,motion,2022-04-17
1650166110.0,1650166950.0,motion,2022-04-17
1650167770.0,1650167790.0,motion,2022-04-17
1650168380.0,1650168390.0,motion,2022-04-17
1650168710.0,1650168730.0,motion,2022-04-17
1650169610.0,1650169920.0,motion,2022-04-17
1650174370.0,1650174870.0,motion,2022-04-17
1650198140.0,1650198150.0,motion,2022-04-17
1650199630.0,1650199650.0,motion,2022-04-17
1650199990.0,1650200380.0,motion,2022-04-17
1650200890.0,1650201390.0,motion,2022-04-17
1650201890.0,1650201980.0,motion,2022-04-17
1650202410.0,1650202470.0,motion,2022-04-17
1650203420.0,1650204160.0,motion,2022-04-17
1650204490.0,1650205270.0,motion,2022-04-17
1650210010.0,1650210200.0,motion,2022-04-17
1650213590.0,1650213600.0,motion,2022-04-17
1650214150.0,1650214460.0,motion,2022-04-17
1650217490.0,1650217500.0,motion,2022-04-17
1650037560.0,1650037580.0,wake,2022-04-15
1649989530.0,1649990310.0,motion,2022-04-15
1649997900.0,1649998420.0,motion,2022-04-15
1650019050.0,1650019060.0,motion,2022-04-15
1650029040.0,1650029070.0,motion,2022-04-15
1650029590.0,1650029620.0,motion,2022-04-15
1650031020.0,1650032060.0,motion,2022-04-15
1650032400.0,1650032440.0,motion,2022-04-15
1650032980.0,1650033090.0,motion,2022-04-15
1650033520.0,1650033950.0,motion,2022-04-15
1650034440.0,1650034460.0,motion,2022-04-15
1650034900.0,1650035030.0,motion,2022-04-15
1650035590.0,1650038320.0,motion,2022-04-15
1650039280.0,1650039510.0,motion,2022-04-15
1650042920.0,1650042940.0,motion,2022-04-15
1649901770.0,1649902490.0,motion,2022-04-14
1649903360.0,1649903380.0,motion,2022-04-14
1649903920.0,1649904430.0,motion,2022-04-14
1649904830.0,1649904860.0,motion,2022-04-14
1649906300.0,1649906330.0,motion,2022-04-14
1649907040.0,1649907960.0,motion,2022-04-14
1649908280.0,1649908300.0,motion,2022-04-14
1649909100.0,1649909780.0,motion,2022-04-14
1649915090.0,1649915180.0,motion,2022-04-14
1649935980.0,1649935990.0,motion,2022-04-14
1649937320.0,1649937350.0,motion,2022-04-14
1649938750.0,1649938800.0,motion,2022-04-14
1649939780.0,1649939790.0,motion,2022-04-14
1649942400.0,1649942780.0,motion,2022-04-14
1649943300.0,1649943840.0,motion,2022-04-14
1649944360.0,1649944380.0,motion,2022-04-14
1649944920.0,1649946600.0,motion,2022-04-14
1649946920.0,1649946940.0,motion,2022-04-14
1649947530.0,1649948730.0,motion,2022-04-14
1649949200.0,1649949410.0,motion,2022-04-14
1649949970.0,1649949990.0,motion,2022-04-14
1649950540.0,1649950550.0,motion,2022-04-14
1649951860.0,1649951890.0,motion,2022-04-14
1649952270.0,1649952300.0,motion,2022-04-14
1649952690.0,1649953060.0,motion,2022-04-14
1649954240.0,1649955570.0,motion,2022-04-14
1649818290.0,1649818400.0,motion,2022-04-13
1649820860.0,1649821000.0,motion,2022-04-13
1649823560.0,1649823590.0,motion,2022-04-13
1649852110.0,1649852820.0,motion,2022-04-13
1649853470.0,1649853590.0,motion,2022-04-13
1649853930.0,1649854070.0,motion,2022-04-13
1649854500.0,1649854980.0,motion,2022-04-13
1649855800.0,1649856120.0,motion,2022-04-13
1649856490.0,1649856720.0,motion,2022-04-13
1649857080.0,1649857410.0,motion,2022-04-13
1649857780.0,1649857790.0,motion,2022-04-13
1649858360.0,1649858380.0,motion,2022-04-13
1649859030.0,1649859040.0,motion,2022-04-13
1649860300.0,1649860460.0,motion,2022-04-13
1649862170.0,1649862180.0,motion,2022-04-13
1649863020.0,1649863330.0,motion,2022-04-13
1649864250.0,1649864280.0,motion,2022-04-13
1649864620.0,1649866240.0,motion,2022-04-13
1649867720.0,1649867900.0,motion,2022-04-13
1649868270.0,1649868430.0,motion,2022-04-13
1649868800.0,1649868820.0,motion,2022-04-13
1649869130.0,1649869150.0,motion,2022-04-13
1649871230.0,1649871240.0,motion,2022-04-13
1649871570.0,1649871610.0,motion,2022-04-13
1649872340.0,1649872360.0,motion,2022-04-13
1650337980.0,1650337990.0,motion,2022-04-19
1650338880.0,1650338890.0,motion,2022-04-19
1650341140.0,1650341150.0,motion,2022-04-19
1650342050.0,1650342080.0,motion,2022-04-19
1650343210.0,1650343220.0,motion,2022-04-19
1650345480.0,1650346140.0,motion,2022-04-19
1650346760.0,1650346790.0,motion,2022-04-19
1650365270.0,1650365280.0,motion,2022-04-19
1650370340.0,1650370360.0,motion,2022-04-19
1650370900.0,1650372170.0,motion,2022-04-19
1650373210.0,1650373220.0,motion,2022-04-19
1650373860.0,1650374160.0,motion,2022-04-19
1650374710.0,1650374740.0,motion,2022-04-19
1650377360.0,1650377370.0,motion,2022-04-19
1650382490.0,1650382510.0,motion,2022-04-19
1650386490.0,1650386510.0,motion,2022-04-19
1650386910.0,1650387190.0,motion,2022-04-19
1650387910.0,1650388310.0,motion,2022-04-19
1650388730.0,1650388740.0,motion,2022-04-19
1650390280.0,1650390830.0,motion,2022-04-19
1650248720.0,1650248880.0,motion,2022-04-18
1650249890.0,1650249910.0,motion,2022-04-18
1650251400.0,1650251500.0,motion,2022-04-18
1650252670.0,1650252710.0,motion,2022-04-18
1650253980.0,1650254400.0,motion,2022-04-18
1650254930.0,1650254960.0,motion,2022-04-18
1650265560.0,1650265570.0,motion,2022-04-18
1650285860.0,1650285870.0,motion,2022-04-18
1650286810.0,1650286850.0,motion,2022-04-18
1650287340.0,1650287530.0,motion,2022-04-18
1650287870.0,1650288030.0,motion,2022-04-18
1650291240.0,1650291250.0,motion,2022-04-18
1650295000.0,1650296120.0,motion,2022-04-18
1650296530.0,1650296540.0,motion,2022-04-18
1650296920.0,1650297140.0,motion,2022-04-18
1650297510.0,1650298680.0,motion,2022-04-18
1650299820.0,1650299990.0,motion,2022-04-18
1650301000.0,1650301740.0,motion,2022-04-18
1650302370.0,1650302390.0,motion,2022-04-18
1650304100.0,1650304110.0,motion,2022-04-18
1650075300.0,1650075360.0,motion,2022-04-16
1650076430.0,1650076440.0,motion,2022-04-16
1650077100.0,1650077120.0,motion,2022-04-16
1650080090.0,1650080280.0,motion,2022-04-16
1650084000.0,1650084010.0,motion,2022-04-16
1650084350.0,1650084370.0,motion,2022-04-16
1650086230.0,1650086360.0,motion,2022-04-16
1650111090.0,1650111100.0,motion,2022-04-16
1650111630.0,1650111640.0,motion,2022-04-16
1650113850.0,1650113870.0,motion,2022-04-16
1650116250.0,1650116890.0,motion,2022-04-16
1650121750.0,1650121760.0,motion,2022-04-16
1650124400.0,1650125060.0,motion,2022-04-16
1650125380.0,1650125730.0,motion,2022-04-16
1650127310.0,1650127320.0,motion,2022-04-16
1650161420.0,1650161450.0,motion,2022-04-17
1650161930.0,1650161940.0,motion,2022-04-17
1650162580.0,1650163490.0,motion,2022-04-17
1650164490.0,1650164730.0,motion,2022-04-17
1650165190.0,1650165710.0,motion,2022-04-17
1650166180.0,1650166370.0,motion,2022-04-17
1650166740.0,1650166830.0,motion,2022-04-17
1650168380.0,1650168390.0,motion,2022-04-17
1650168720.0,1650168730.0,motion,2022-04-17
1650169610.0,1650169920.0,motion,2022-04-17
1650174370.0,1650174870.0,motion,2022-04-17
1650199640.0,1650199650.0,motion,2022-04-17
1650200000.0,1650200010.0,motion,2022-04-17
1650200900.0,1650201220.0,motion,2022-04-17
1650201910.0,1650201920.0,motion,2022-04-17
1650203420.0,1650204150.0,motion,2022-04-17
1650204680.0,1650204780.0,motion,2022-04-17
1650205130.0,1650205140.0,motion,2022-04-17
1650210010.0,1650210120.0,motion,2022-04-17
1649989530.0,1649990300.0,motion,2022-04-15
1649998130.0,1649998160.0,motion,2022-04-15
1650029040.0,1650029060.0,motion,2022-04-15
1650029600.0,1650029610.0,motion,2022-04-15
1650031160.0,1650032050.0,motion,2022-04-15
1650032420.0,1650032430.0,motion,2022-04-15
1650033000.0,1650033010.0,motion,2022-04-15
1650033650.0,1650033950.0,motion,2022-04-15
1650034440.0,1650034460.0,motion,2022-04-15
1650034900.0,1650034910.0,motion,2022-04-15
1650035740.0,1650036620.0,motion,2022-04-15
1650037050.0,1650038300.0,motion,2022-04-15
1650039450.0,1650039500.0,motion,2022-04-15
1650042920.0,1650042930.0,motion,2022-04-15
1649902020.0,1649902480.0,motion,2022-04-14
1649903930.0,1649904260.0,motion,2022-04-14
1649904840.0,1649904860.0,motion,2022-04-14
1649906310.0,1649906330.0,motion,2022-04-14
1649907330.0,1649907350.0,motion,2022-04-14
1649909100.0,1649909540.0,motion,2022-04-14
1649915090.0,1649915100.0,motion,2022-04-14
1649937330.0,1649937350.0,motion,2022-04-14
1649938770.0,1649938790.0,motion,2022-04-14
1649942400.0,1649942780.0,motion,2022-04-14
1649943810.0,1649943840.0,motion,2022-04-14
1649944920.0,1649945700.0,motion,2022-04-14
1649946060.0,1649946460.0,motion,2022-04-14
1649946920.0,1649946930.0,motion,2022-04-14
1649947530.0,1649947720.0,motion,2022-04-14
1649948030.0,1649948730.0,motion,2022-04-14
1649949200.0,1649949220.0,motion,2022-04-14
1649949980.0,1649949990.0,motion,2022-04-14
1649951860.0,1649951870.0,motion,2022-04-14
1649952280.0,1649952300.0,motion,2022-04-14
1649952920.0,1649952930.0,motion,2022-04-14
1649954250.0,1649955570.0,motion,2022-04-14
1649820980.0,1649820990.0,motion,2022-04-13
1649823560.0,1649823580.0,motion,2022-04-13
1649852110.0,1649852740.0,motion,2022-04-13
1649853940.0,1649853950.0,motion,2022-04-13
1649854510.0,1649854960.0,motion,2022-04-13
1649855840.0,1649855870.0,motion,2022-04-13
1649856490.0,1649856710.0,motion,2022-04-13
1649857380.0,1649857390.0,motion,2022-04-13
1649858370.0,1649858380.0,motion,2022-04-13
1649860310.0,1649860450.0,motion,2022-04-13
1649863300.0,1649863330.0,motion,2022-04-13
1649864250.0,1649864260.0,motion,2022-04-13
1649864630.0,1649865240.0,motion,2022-04-13
1649866030.0,1649866240.0,motion,2022-04-13
1649867890.0,1649867900.0,motion,2022-04-13
1649868280.0,1649868300.0,motion,2022-04-13
1649871590.0,1649871610.0,motion,2022-04-13
1650345520.0,1650346160.0,wake,2022-04-19
1650371070.0,1650371560.0,wake,2022-04-19
1650372150.0,1650372210.0,wake,2022-04-19
1650387130.0,1650387230.0,wake,2022-04-19
1650387960.0,1650388340.0,wake,2022-04-19
1650390820.0,1650390860.0,wake,2022-04-19
1650335690.0,1650335860.0,motion,2022-04-19
1650336350.0,1650336590.0,motion,2022-04-19
1650337860.0,1650338900.0,motion,2022-04-19
1650339560.0,1650340010.0,motion,2022-04-19
1650340430.0,1650340450.0,motion,2022-04-19
1650341130.0,1650341420.0,motion,2022-04-19
1650342040.0,1650342090.0,motion,2022-04-19
1650342690.0,1650343230.0,motion,2022-04-19
1650344000.0,1650344140.0,motion,2022-04-19
1650344520.0,1650344630.0,motion,2022-04-19
1650345280.0,1650346800.0,motion,2022-04-19
1650362700.0,1650362720.0,motion,2022-04-19
1650363800.0,1650363810.0,motion,2022-04-19
1650365260.0,1650365280.0,motion,2022-04-19
1650368520.0,1650368540.0,motion,2022-04-19
1650370330.0,1650372210.0,motion,2022-04-19
1650372610.0,1650372640.0,motion,2022-04-19
1650373080.0,1650373230.0,motion,2022-04-19
1650373850.0,1650374170.0,motion,2022-04-19
1650374700.0,1650374750.0,motion,2022-04-19
1650375090.0,1650375310.0,motion,2022-04-19
1650376320.0,1650376420.0,motion,2022-04-19
1650377350.0,1650377470.0,motion,2022-04-19
1650378520.0,1650378540.0,motion,2022-04-19
1650379150.0,1650379160.0,motion,2022-04-19
1650379540.0,1650379560.0,motion,2022-04-19
1650380150.0,1650380170.0,motion,2022-04-19
1650381520.0,1650381530.0,motion,2022-04-19
1650382490.0,1650382520.0,motion,2022-04-19
1650385100.0,1650385110.0,motion,2022-04-19
1650386420.0,1650387220.0,motion,2022-04-19
1650387900.0,1650388330.0,motion,2022-04-19
1650388720.0,1650388750.0,motion,2022-04-19
1650389260.0,1650391150.0,motion,2022-04-19
1650251410.0,1650251530.0,wake,2022-04-18
1650254190.0,1650254420.0,wake,2022-04-18
1650254980.0,1650255000.0,wake,2022-04-18
1650286830.0,1650286860.0,wake,2022-04-18
1650287410.0,1650287590.0,wake,2022-04-18
1650295060.0,1650295480.0,wake,2022-04-18
1650296570.0,1650296580.0,wake,2022-04-18
1650297680.0,1650297760.0,wake,2022-04-18
1650298160.0,1650298170.0,wake,2022-04-18
1650298590.0,1650298610.0,wake,2022-04-18
1650299830.0,1650300050.0,wake,2022-04-18
1650301050.0,1650301750.0,wake,2022-04-18
1650247860.0,1650248020.0,motion,2022-04-18
1650248400.0,1650249250.0,motion,2022-04-18
1650249880.0,1650250220.0,motion,2022-04-18
1650251150.0,1650251640.0,motion,2022-04-18
1650252660.0,1650252710.0,motion,2022-04-18
1650253970.0,1650254410.0,motion,2022-04-18
1650254920.0,1650254980.0,motion,2022-04-18
1650265560.0,1650265580.0,motion,2022-04-18
1650270030.0,1650270050.0,motion,2022-04-18
1650272180.0,1650272200.0,motion,2022-04-18
1650273860.0,1650273890.0,motion,2022-04-18
1650275270.0,1650275350.0,motion,2022-04-18
1650282530.0,1650282540.0,motion,2022-04-18
1650285850.0,1650285990.0,motion,2022-04-18
1650286370.0,1650286380.0,motion,2022-04-18
1650286750.0,1650288420.0,motion,2022-04-18
1650289000.0,1650289010.0,motion,2022-04-18
1650289380.0,1650290060.0,motion,2022-04-18
1650291160.0,1650291270.0,motion,2022-04-18
1650291820.0,1650291830.0,motion,2022-04-18
1650294840.0,1650296130.0,motion,2022-04-18
1650296490.0,1650297180.0,motion,2022-04-18
1650297500.0,1650299030.0,motion,2022-04-18
1650299640.0,1650300050.0,motion,2022-04-18
1650300990.0,1650301970.0,motion,2022-04-18
1650302370.0,1650302720.0,motion,2022-04-18
1650303480.0,1650303500.0,motion,2022-04-18
1650303810.0,1650304680.0,motion,2022-04-18
1650079220.0,1650079240.0,wake,2022-04-16
1650080110.0,1650080130.0,wake,2022-04-16
1650086290.0,1650086390.0,wake,2022-04-16
1650116630.0,1650116740.0,wake,2022-04-16
1650124530.0,1650124860.0,wake,2022-04-16
1650125410.0,1650125510.0,wake,2022-04-16
1650127310.0,1650127340.0,wake,2022-04-16
1650075300.0,1650075360.0,motion,2022-04-16
1650076430.0,1650076450.0,motion,2022-04-16
1650077090.0,1650077130.0,motion,2022-04-16
1650077540.0,1650077570.0,motion,2022-04-16
1650078000.0,1650078120.0,motion,2022-04-16
1650078870.0,1650079250.0,motion,2022-04-16
1650079850.0,1650080400.0,motion,2022-04-16
1650083990.0,1650084020.0,motion,2022-04-16
1650084330.0,1650084570.0,motion,2022-04-16
1650085020.0,1650085040.0,motion,2022-04-16
1650085390.0,1650085720.0,motion,2022-04-16
1650086220.0,1650086370.0,motion,2022-04-16
1650098140.0,1650098160.0,motion,2022-04-16
1650102920.0,1650102940.0,motion,2022-04-16
1650111080.0,1650111270.0,motion,2022-04-16
1650111620.0,1650111650.0,motion,2022-04-16
1650113770.0,1650113870.0,motion,2022-04-16
1650116000.0,1650116900.0,motion,2022-04-16
1650117460.0,1650117590.0,motion,2022-04-16
1650120660.0,1650120850.0,motion,2022-04-16
1650121740.0,1650121760.0,motion,2022-04-16
1650122310.0,1650122520.0,motion,2022-04-16
1650124330.0,1650125060.0,motion,2022-04-16
1650125370.0,1650126070.0,motion,2022-04-16
1650127200.0,1650127340.0,motion,2022-04-16
1650127860.0,1650127890.0,motion,2022-04-16
1650128430.0,1650128440.0,motion,2022-04-16
1650128950.0,1650129080.0,motion,2022-04-16
1650131460.0,1650131780.0,motion,2022-04-16
1650162600.0,1650162960.0,wake,2022-04-17
1650164750.0,1650164760.0,wake,2022-04-17
1650165100.0,1650165420.0,wake,2022-04-17
1650166170.0,1650166260.0,wake,2022-04-17
1650169650.0,1650169970.0,wake,2022-04-17
1650174560.0,1650174800.0,wake,2022-04-17
1650200370.0,1650200380.0,wake,2022-04-17
1650200930.0,1650201240.0,wake,2022-04-17
1650203840.0,1650203900.0,wake,2022-04-17
1650204690.0,1650204780.0,wake,2022-04-17
1650205140.0,1650205210.0,wake,2022-04-17
1650210180.0,1650210200.0,wake,2022-04-17
1650160940.0,1650161550.0,motion,2022-04-17
1650161890.0,1650162060.0,motion,2022-04-17
1650162550.0,1650165730.0,motion,2022-04-17
1650166110.0,1650167000.0,motion,2022-04-17
1650167530.0,1650168400.0,motion,2022-04-17
1650168710.0,1650168740.0,motion,2022-04-17
1650169600.0,1650169970.0,motion,2022-04-17
1650172420.0,1650172440.0,motion,2022-04-17
1650174370.0,1650174880.0,motion,2022-04-17
1650194660.0,1650194680.0,motion,2022-04-17
1650197350.0,1650197370.0,motion,2022-04-17
1650198140.0,1650198150.0,motion,2022-04-17
1650198550.0,1650198560.0,motion,2022-04-17
1650199630.0,1650200560.0,motion,2022-04-17
1650200880.0,1650201400.0,motion,2022-04-17
1650201860.0,1650202480.0,motion,2022-04-17
1650203410.0,1650205470.0,motion,2022-04-17
1650208390.0,1650208400.0,motion,2022-04-17
1650208890.0,1650208910.0,motion,2022-04-17
1650209880.0,1650210360.0,motion,2022-04-17
1650213360.0,1650213600.0,motion,2022-04-17
1650214150.0,1650214480.0,motion,2022-04-17
1650217480.0,1650217500.0,motion,2022-04-17
1649989600.0,1649990030.0,wake,2022-04-15
1649998160.0,1649998170.0,wake,2022-04-15
1650031230.0,1650031820.0,wake,2022-04-15
1650033560.0,1650033570.0,wake,2022-04-15
1650034970.0,1650035030.0,wake,2022-04-15
1650035910.0,1650036660.0,wake,2022-04-15
1650037060.0,1650037170.0,wake,2022-04-15
1650037520.0,1650037790.0,wake,2022-04-15
1650038190.0,1650038340.0,wake,2022-04-15
1650039470.0,1650039530.0,wake,2022-04-15
1649989030.0,1649989040.0,motion,2022-04-15
1649989520.0,1649990310.0,motion,2022-04-15
1649991270.0,1649991280.0,motion,2022-04-15
1649992740.0,1649992750.0,motion,2022-04-15
1649993080.0,1649993330.0,motion,2022-04-15
1649996000.0,1649996030.0,motion,2022-04-15
1649996450.0,1649996480.0,motion,2022-04-15
1649997710.0,1649998470.0,motion,2022-04-15
1650013670.0,1650013680.0,motion,2022-04-15
1650022100.0,1650022110.0,motion,2022-04-15
1650025440.0,1650025450.0,motion,2022-04-15
1650028950.0,1650029070.0,motion,2022-04-15
1650029590.0,1650029630.0,motion,2022-04-15
1650030580.0,1650030590.0,motion,2022-04-15
1650031020.0,1650032450.0,motion,2022-04-15
1650032980.0,1650034470.0,motion,2022-04-15
1650034890.0,1650035040.0,motion,2022-04-15
1650035580.0,1650038400.0,motion,2022-04-15
1650039280.0,1650039510.0,motion,2022-04-15
1650039990.0,1650040010.0,motion,2022-04-15
1650041620.0,1650041640.0,motion,2022-04-15
1650042910.0,1650042940.0,motion,2022-04-15
1649902440.0,1649902540.0,wake,2022-04-14
1649903980.0,1649904030.0,wake,2022-04-14
1649904410.0,1649904450.0,wake,2022-04-14
1649904860.0,1649904880.0,wake,2022-04-14
1649909320.0,1649909560.0,wake,2022-04-14
1649915150.0,1649915180.0,wake,2022-04-14
1649938790.0,1649938830.0,wake,2022-04-14
1649942460.0,1649942790.0,wake,2022-04-14
1649944980.0,1649945240.0,wake,2022-04-14
1649945670.0,1649945770.0,wake,2022-04-14
1649946100.0,1649946510.0,wake,2022-04-14
1649947560.0,1649947730.0,wake,2022-04-14
1649948090.0,1649948440.0,wake,2022-04-14
1649954260.0,1649955050.0,wake,2022-04-14
1649955530.0,1649955600.0,wake,2022-04-14
1649901630.0,1649902820.0,motion,2022-04-14
1649903360.0,1649903380.0,motion,2022-04-14
1649903890.0,1649905080.0,motion,2022-04-14
1649905530.0,1649905600.0,motion,2022-04-14
1649906090.0,1649906330.0,motion,2022-04-14
1649906820.0,1649908600.0,motion,2022-04-14
1649909040.0,1649909800.0,motion,2022-04-14
1649915080.0,1649915410.0,motion,2022-04-14
1649937320.0,1649937360.0,motion,2022-04-14
1649938510.0,1649938810.0,motion,2022-04-14
1649939770.0,1649939790.0,motion,2022-04-14
1649942390.0,1649942790.0,motion,2022-04-14
1649943250.0,1649943850.0,motion,2022-04-14
1649944180.0,1649946600.0,motion,2022-04-14
1649946910.0,1649946940.0,motion,2022-04-14
1649947430.0,1649949430.0,motion,2022-04-14
1649949970.0,1649950000.0,motion,2022-04-14
1649950450.0,1649950550.0,motion,2022-04-14
1649951850.0,1649951900.0,motion,2022-04-14
1649952270.0,1649953280.0,motion,2022-04-14
1649954190.0,1649955580.0,motion,2022-04-14
1649852680.0,1649852750.0,wake,2022-04-13
1649854750.0,1649855010.0,wake,2022-04-13
1649855850.0,1649855880.0,wake,2022-04-13
1649856530.0,1649856730.0,wake,2022-04-13
1649860350.0,1649860450.0,wake,2022-04-13
1649865060.0,1649865110.0,wake,2022-04-13
1649866100.0,1649866110.0,wake,2022-04-13
1649815540.0,1649815560.0,motion,2022-04-13
1649815960.0,1649816230.0,motion,2022-04-13
1649816700.0,1649816720.0,motion,2022-04-13
1649817030.0,1649817040.0,motion,2022-04-13
1649818280.0,1649818520.0,motion,2022-04-13
1649820450.0,1649821050.0,motion,2022-04-13
1649823550.0,1649823590.0,motion,2022-04-13
1649824030.0,1649824050.0,motion,2022-04-13
1649838250.0,1649838270.0,motion,2022-04-13
1649843570.0,1649843590.0,motion,2022-04-13
1649848750.0,1649848770.0,motion,2022-04-13
1649852000.0,1649856120.0,motion,2022-04-13
1649856480.0,1649857800.0,motion,2022-04-13
1649858360.0,1649858390.0,motion,2022-04-13
1649859030.0,1649859040.0,motion,2022-04-13
1649860030.0,1649860460.0,motion,2022-04-13
1649860800.0,1649860820.0,motion,2022-04-13
1649862160.0,1649862190.0,motion,2022-04-13
1649862680.0,1649864280.0,motion,2022-04-13
1649864600.0,1649866400.0,motion,2022-04-13
1649867180.0,1649867200.0,motion,2022-04-13
1649867600.0,1649867910.0,motion,2022-04-13
1649868270.0,1649869400.0,motion,2022-04-13
1649870340.0,1649870350.0,motion,2022-04-13
1649871230.0,1649871240.0,motion,2022-04-13
1649871550.0,1649871620.0,motion,2022-04-13
1649872340.0,1649872360.0,motion,2022-04-13
1650345560.0,1650345570.0,wake,2022-04-19
1650346070.0,1650346120.0,wake,2022-04-19
1650387190.0,1650387200.0,wake,2022-04-19
1650387970.0,1650388060.0,wake,2022-04-19
1650336360.0,1650336590.0,motion,2022-04-19
1650337950.0,1650338900.0,motion,2022-04-19
1650339710.0,1650340010.0,motion,2022-04-19
1650341130.0,1650341150.0,motion,2022-04-19
1650342050.0,1650342080.0,motion,2022-04-19
1650343210.0,1650343230.0,motion,2022-04-19
1650344000.0,1650344010.0,motion,2022-04-19
1650344610.0,1650344630.0,motion,2022-04-19
1650345290.0,1650346450.0,motion,2022-04-19
1650346760.0,1650346790.0,motion,2022-04-19
1650363800.0,1650363810.0,motion,2022-04-19
1650365260.0,1650365280.0,motion,2022-04-19
1650370330.0,1650372170.0,motion,2022-04-19
1650372620.0,1650372630.0,motion,2022-04-19
1650373210.0,1650373230.0,motion,2022-04-19
1650373860.0,1650374170.0,motion,2022-04-19
1650374710.0,1650374750.0,motion,2022-04-19
1650376320.0,1650376340.0,motion,2022-04-19
1650377360.0,1650377410.0,motion,2022-04-19
1650381520.0,1650381530.0,motion,2022-04-19
1650382490.0,1650382510.0,motion,2022-04-19
1650386490.0,1650387210.0,motion,2022-04-19
1650387910.0,1650388320.0,motion,2022-04-19
1650388730.0,1650388740.0,motion,2022-04-19
1650389260.0,1650389270.0,motion,2022-04-19
1650389590.0,1650389610.0,motion,2022-04-19
1650390010.0,1650391140.0,motion,2022-04-19
1650251460.0,1650251520.0,wake,2022-04-18
1650254360.0,1650254410.0,wake,2022-04-18
1650301170.0,1650301300.0,wake,2022-04-18
1650301610.0,1650301700.0,wake,2022-04-18
1650248490.0,1650248880.0,motion,2022-04-18
1650249880.0,1650250210.0,motion,2022-04-18
1650251160.0,1650251510.0,motion,2022-04-18
1650252670.0,1650252710.0,motion,2022-04-18
1650253970.0,1650254400.0,motion,2022-04-18
1650254920.0,1650254970.0,motion,2022-04-18
1650265560.0,1650265580.0,motion,2022-04-18
1650270030.0,1650270050.0,motion,2022-04-18
1650272180.0,1650272200.0,motion,2022-04-18
1650285860.0,1650285870.0,motion,2022-04-18
1650286370.0,1650286380.0,motion,2022-04-18
1650286800.0,1650288030.0,motion,2022-04-18
1650288390.0,1650288420.0,motion,2022-04-18
1650289000.0,1650289010.0,motion,2022-04-18
1650289510.0,1650289920.0,motion,2022-04-18
1650291240.0,1650291250.0,motion,2022-04-18
1650294990.0,1650296130.0,motion,2022-04-18
1650296530.0,1650296580.0,motion,2022-04-18
1650296910.0,1650297180.0,motion,2022-04-18
1650297510.0,1650298680.0,motion,2022-04-18
1650299820.0,1650300000.0,motion,2022-04-18
1650300990.0,1650301960.0,motion,2022-04-18
1650302370.0,1650302720.0,motion,2022-04-18
1650303480.0,1650303490.0,motion,2022-04-18
1650303940.0,1650304450.0,motion,2022-04-18
1650124770.0,1650124840.0,wake,2022-04-16
1650125450.0,1650125460.0,wake,2022-04-16
1650075300.0,1650075360.0,motion,2022-04-16
1650076430.0,1650076450.0,motion,2022-04-16
1650077100.0,1650077130.0,motion,2022-04-16
1650077550.0,1650077560.0,motion,2022-04-16
1650078000.0,1650078020.0,motion,2022-04-16
1650079160.0,1650079250.0,motion,2022-04-16
1650079850.0,1650080390.0,motion,2022-04-16
1650083990.0,1650084020.0,motion,2022-04-16
1650084350.0,1650084380.0,motion,2022-04-16
1650085030.0,1650085040.0,motion,2022-04-16
1650085470.0,1650085490.0,motion,2022-04-16
1650086230.0,1650086370.0,motion,2022-04-16
1650098140.0,1650098160.0,motion,2022-04-16
1650111080.0,1650111270.0,motion,2022-04-16
1650111620.0,1650111650.0,motion,2022-04-16
1650113850.0,1650113870.0,motion,2022-04-16
1650116250.0,1650116900.0,motion,2022-04-16
1650117570.0,1650117590.0,motion,2022-04-16
1650120660.0,1650120850.0,motion,2022-04-16
1650121740.0,1650121760.0,motion,2022-04-16
1650122310.0,1650122520.0,motion,2022-04-16
1650124330.0,1650125060.0,motion,2022-04-16
1650125370.0,1650125730.0,motion,2022-04-16
1650127240.0,1650127330.0,motion,2022-04-16
1650127870.0,1650127890.0,motion,2022-04-16
1650128950.0,1650129070.0,motion,2022-04-16
1650131770.0,1650131780.0,motion,2022-04-16
1650162620.0,1650162690.0,wake,2022-04-17
1650166220.0,1650166230.0,wake,2022-04-17
1650169890.0,1650169930.0,wake,2022-04-17
1650161240.0,1650161550.0,motion,2022-04-17
1650161900.0,1650162060.0,motion,2022-04-17
1650162560.0,1650163790.0,motion,2022-04-17
1650164230.0,1650164740.0,motion,2022-04-17
1650165060.0,1650165730.0,motion,2022-04-17
1650166110.0,1650166950.0,motion,2022-04-17
1650167770.0,1650167790.0,motion,2022-04-17
1650168380.0,1650168390.0,motion,2022-04-17
1650168710.0,1650168740.0,motion,2022-04-17
1650169600.0,1650169920.0,motion,2022-04-17
1650174370.0,1650174870.0,motion,2022-04-17
1650194660.0,1650194680.0,motion,2022-04-17
1650199630.0,1650199650.0,motion,2022-04-17
1650199990.0,1650200380.0,motion,2022-04-17
1650200890.0,1650201390.0,motion,2022-04-17
1650201890.0,1650201980.0,motion,2022-04-17
1650202410.0,1650202470.0,motion,2022-04-17
1650203410.0,1650204150.0,motion,2022-04-17
1650204490.0,1650205270.0,motion,2022-04-17
1650208890.0,1650208910.0,motion,2022-04-17
1650209880.0,1650210200.0,motion,2022-04-17
1650213590.0,1650213600.0,motion,2022-04-17
1650214150.0,1650214460.0,motion,2022-04-17
1650217480.0,1650217500.0,motion,2022-04-17
1650036330.0,1650036650.0,wake,2022-04-15
1650037120.0,1650037140.0,wake,2022-04-15
1650037560.0,1650037610.0,wake,2022-04-15
1649989520.0,1649990310.0,motion,2022-04-15
1649992740.0,1649992750.0,motion,2022-04-15
1649993080.0,1649993100.0,motion,2022-04-15
1649997900.0,1649998420.0,motion,2022-04-15
1650025440.0,1650025450.0,motion,2022-04-15
1650029040.0,1650029070.0,motion,2022-04-15
1650029590.0,1650029620.0,motion,2022-04-15
1650030580.0,1650030590.0,motion,2022-04-15
1650031020.0,1650032060.0,motion,2022-04-15
1650032400.0,1650032440.0,motion,2022-04-15
1650032980.0,1650033090.0,motion,2022-04-15
1650033520.0,1650033950.0,motion,2022-04-15
1650034440.0,1650034460.0,motion,2022-04-15
1650034890.0,1650035030.0,motion,2022-04-15
1650035590.0,1650038300.0,motion,2022-04-15
1650039280.0,1650039510.0,motion,2022-04-15
1650042920.0,1650042940.0,motion,2022-04-15
1649902470.0,1649902480.0,wake,2022-04-14
1649909330.0,1649909540.0,wake,2022-04-14
1649942470.0,1649942770.0,wake,2022-04-14
1649945030.0,1649945120.0,wake,2022-04-14
1649947600.0,1649947620.0,wake,2022-04-14
1649954500.0,1649954570.0,wake,2022-04-14
1649955560.0,1649955570.0,wake,2022-04-14
1649901770.0,1649902500.0,motion,2022-04-14
1649903360.0,1649903380.0,motion,2022-04-14
1649903920.0,1649904430.0,motion,2022-04-14
1649904830.0,1649904860.0,motion,2022-04-14
1649906310.0,1649906330.0,motion,2022-04-14
1649907040.0,1649907960.0,motion,2022-04-14
1649908280.0,1649908300.0,motion,2022-04-14
1649909100.0,1649909780.0,motion,2022-04-14
1649915090.0,1649915180.0,motion,2022-04-14
1649937320.0,1649937350.0,motion,2022-04-14
1649938750.0,1649938810.0,motion,2022-04-14
1649939780.0,1649939790.0,motion,2022-04-14
1649942400.0,1649942780.0,motion,2022-04-14
1649943300.0,1649943850.0,motion,2022-04-14
1649944360.0,1649944380.0,motion,2022-04-14
1649944910.0,1649946600.0,motion,2022-04-14
1649946920.0,1649946930.0,motion,2022-04-14
1649947520.0,1649948730.0,motion,2022-04-14
1649949200.0,1649949410.0,motion,2022-04-14
1649949970.0,1649949990.0,motion,2022-04-14
1649950540.0,1649950550.0,motion,2022-04-14
1649951860.0,1649951890.0,motion,2022-04-14
1649952270.0,1649952300.0,motion,2022-04-14
1649952690.0,1649953060.0,motion,2022-04-14
1649954240.0,1649955580.0,motion,2022-04-14
1649856560.0,1649856590.0,wake,2022-04-13
1649818290.0,1649818400.0,motion,2022-04-13
1649820610.0,1649821000.0,motion,2022-04-13
1649823560.0,1649823590.0,motion,2022-04-13
1649852110.0,1649852820.0,motion,2022-04-13
1649853470.0,1649853590.0,motion,2022-04-13
1649853940.0,1649854070.0,motion,2022-04-13
1649854500.0,1649854980.0,motion,2022-04-13
1649855800.0,1649856120.0,motion,2022-04-13
1649856480.0,1649856720.0,motion,2022-04-13
1649857080.0,1649857790.0,motion,2022-04-13
1649858360.0,1649858380.0,motion,2022-04-13
1649859030.0,1649859040.0,motion,2022-04-13
1649860290.0,1649860460.0,motion,2022-04-13
1649862170.0,1649862180.0,motion,2022-04-13
1649863020.0,1649863330.0,motion,2022-04-13
1649864250.0,1649864280.0,motion,2022-04-13
1649864620.0,1649866240.0,motion,2022-04-13
1649867720.0,1649867900.0,motion,2022-04-13
1649868280.0,1649868430.0,motion,2022-04-13
1649868800.0,1649869150.0,motion,2022-04-13
1649871570.0,1649871610.0,motion,2022-04-13
1649872340.0,1649872360.0,motion,2022-04-13
1650337980.0,1650337990.0,motion,2022-04-19
1650338880.0,1650338890.0,motion,2022-04-19
1650341140.0,1650341150.0,motion,2022-04-19
1650342050.0,1650342080.0,motion,2022-04-19
1650343210.0,1650343220.0,motion,2022-04-19
1650345480.0,1650346140.0,motion,2022-04-19
1650346760.0,1650346790.0,motion,2022-04-19
1650365270.0,1650365280.0,motion,2022-04-19
1650370340.0,1650370360.0,motion,2022-04-19
1650370900.0,1650372170.0,motion,2022-04-19
1650373210.0,1650373230.0,motion,2022-04-19
1650373860.0,1650374160.0,motion,2022-04-19
1650374710.0,1650374740.0,motion,2022-04-19
1650377360.0,1650377370.0,motion,2022-04-19
1650381520.0,1650381530.0,motion,2022-04-19
1650382490.0,1650382510.0,motion,2022-04-19
1650386490.0,1650386510.0,motion,2022-04-19
1650386910.0,1650387190.0,motion,2022-04-19
1650387910.0,1650388310.0,motion,2022-04-19
1650388730.0,1650388740.0,motion,2022-04-19
1650390280.0,1650390830.0,motion,2022-04-19
1650301190.0,1650301250.0,wake,2022-04-18
1650301650.0,1650301690.0,wake,2022-04-18
1650248720.0,1650248880.0,motion,2022-04-18
1650249890.0,1650249910.0,motion,2022-04-18
1650251400.0,1650251500.0,motion,2022-04-18
1650252670.0,1650252710.0,motion,2022-04-18
1650254190.0,1650254400.0,motion,2022-04-18
1650254930.0,1650254960.0,motion,2022-04-18
1650265560.0,1650265570.0,motion,2022-04-18
1650285860.0,1650285870.0,motion,2022-04-18
1650286810.0,1650286850.0,motion,2022-04-18
1650287340.0,1650287530.0,motion,2022-04-18
1650287870.0,1650288030.0,motion,2022-04-18
1650291240.0,1650291250.0,motion,2022-04-18
1650295000.0,1650296120.0,motion,2022-04-18
1650296920.0,1650296940.0,motion,2022-04-18
1650297510.0,1650298680.0,motion,2022-04-18
1650299820.0,1650299990.0,motion,2022-04-18
1650301000.0,1650301960.0,motion,2022-04-18
1650302370.0,1650302390.0,motion,2022-04-18
1650304100.0,1650304110.0,motion,2022-04-18
1650075300.0,1650075360.0,motion,2022-04-16
1650076430.0,1650076450.0,motion,2022-04-16
1650077100.0,1650077120.0,motion,2022-04-16
1650080110.0,1650080280.0,motion,2022-04-16
1650084350.0,1650084370.0,motion,2022-04-16
1650086230.0,1650086360.0,motion,2022-04-16
1650111090.0,1650111100.0,motion,2022-04-16
1650111630.0,1650111640.0,motion,2022-04-16
1650113860.0,1650113870.0,motion,2022-04-16
1650116250.0,1650116890.0,motion,2022-04-16
1650117570.0,1650117590.0,motion,2022-04-16
1650121750.0,1650121760.0,motion,2022-04-16
1650124390.0,1650125060.0,motion,2022-04-16
1650125380.0,1650125730.0,motion,2022-04-16
1650127310.0,1650127320.0,motion,2022-04-16
1650161420.0,1650161450.0,motion,2022-04-17
1650161930.0,1650161940.0,motion,2022-04-17
1650162580.0,1650163490.0,motion,2022-04-17
1650164230.0,1650164730.0,motion,2022-04-17
1650165190.0,1650165710.0,motion,2022-04-17
1650166180.0,1650166370.0,motion,2022-04-17
1650166740.0,1650166830.0,motion,2022-04-17
1650168380.0,1650168390.0,motion,2022-04-17
1650168720.0,1650168730.0,motion,2022-04-17
1650169610.0,1650169920.0,motion,2022-04-17
1650174370.0,1650174870.0,motion,2022-04-17
1650199640.0,1650199650.0,motion,2022-04-17
1650200900.0,1650201220.0,motion,2022-04-17
1650201910.0,1650201920.0,motion,2022-04-17
1650203420.0,1650204150.0,motion,2022-04-17
1650204680.0,1650204780.0,motion,2022-04-17
1650205130.0,1650205140.0,motion,2022-04-17
1650210010.0,1650210120.0,motion,2022-04-17
1649989530.0,1649990300.0,motion,2022-04-15
1649998130.0,1649998160.0,motion,2022-04-15
1650029040.0,1650029070.0,motion,2022-04-15
1650029600.0,1650029610.0,motion,2022-04-15
1650031160.0,1650032050.0,motion,2022-04-15
1650032420.0,1650032430.0,motion,2022-04-15
1650033000.0,1650033010.0,motion,2022-04-15
1650033650.0,1650033950.0,motion,2022-04-15
1650034440.0,1650034460.0,motion,2022-04-15
1650034900.0,1650034910.0,motion,2022-04-15
1650035740.0,1650036620.0,motion,2022-04-15
1650037050.0,1650038300.0,motion,2022-04-15
1650039450.0,1650039500.0,motion,2022-04-15
1650042920.0,1650042930.0,motion,2022-04-15
1649902020.0,1649902480.0,motion,2022-04-14
1649903930.0,1649904260.0,motion,2022-04-14
1649904840.0,1649904860.0,motion,2022-04-14
1649906310.0,1649906330.0,motion,2022-04-14
1649907330.0,1649907350.0,motion,2022-04-14
1649909100.0,1649909540.0,motion,2022-04-14
1649915090.0,1649915100.0,motion,2022-04-14
1649937320.0,1649937350.0,motion,2022-04-14
1649938770.0,1649938790.0,motion,2022-04-14
1649942400.0,1649942780.0,motion,2022-04-14
1649943810.0,1649943840.0,motion,2022-04-14
1649944920.0,1649945700.0,motion,2022-04-14
1649946060.0,1649946600.0,motion,2022-04-14
1649946920.0,1649946930.0,motion,2022-04-14
1649947530.0,1649947720.0,motion,2022-04-14
1649948030.0,1649948730.0,motion,2022-04-14
1649949200.0,1649949220.0,motion,2022-04-14
1649949980.0,1649949990.0,motion,2022-04-14
1649951860.0,1649951870.0,motion,2022-04-14
1649952280.0,1649952300.0,motion,2022-04-14
1649952920.0,1649952930.0,motion,2022-04-14
1649954250.0,1649955570.0,motion,2022-04-14
1649820980.0,1649820990.0,motion,2022-04-13
1649823560.0,1649823580.0,motion,2022-04-13
1649852110.0,1649852670.0,motion,2022-04-13
1649853940.0,1649853950.0,motion,2022-04-13
1649854510.0,1649854960.0,motion,2022-04-13
1649855840.0,1649855870.0,motion,2022-04-13
1649856490.0,1649856710.0,motion,2022-04-13
1649857380.0,1649857390.0,motion,2022-04-13
1649858370.0,1649858380.0,motion,2022-04-13
1649860310.0,1649860450.0,motion,2022-04-13
1649863300.0,1649863330.0,motion,2022-04-13
1649864250.0,1649864260.0,motion,2022-04-13
1649864630.0,1649865240.0,motion,2022-04-13
1649866030.0,1649866240.0,motion,2022-04-13
1649867890.0,1649867900.0,motion,2022-04-13
1649868280.0,1649868300.0,motion,2022-04-13
1649871590.0,1649871610.0,motion,2022-04-13
1650345490.0,1650346080.0,motion,2022-04-19
1650346770.0,1650346780.0,motion,2022-04-19
1650370340.0,1650370350.0,motion,2022-04-19
1650371030.0,1650371040.0,motion,2022-04-19
1650371360.0,1650371530.0,motion,2022-04-19
1650374150.0,1650374160.0,motion,2022-04-19
1650382500.0,1650382510.0,motion,2022-04-19
1650386490.0,1650386500.0,motion,2022-04-19
1650387060.0,1650387080.0,motion,2022-04-19
1650387910.0,1650387990.0,motion,2022-04-19
1650390820.0,1650390830.0,motion,2022-04-19
1650248720.0,1650248730.0,motion,2022-04-18
1650251420.0,1650251500.0,motion,2022-04-18
1650252680.0,1650252700.0,motion,2022-04-18
1650254200.0,1650254400.0,motion,2022-04-18
1650254930.0,1650254960.0,motion,2022-04-18
1650286810.0,1650286840.0,motion,2022-04-18
1650287340.0,1650287470.0,motion,2022-04-18
1650295380.0,1650295500.0,motion,2022-04-18
1650296920.0,1650296930.0,motion,2022-04-18
1650298000.0,1650298170.0,motion,2022-04-18
1650298660.0,1650298670.0,motion,2022-04-18
1650299830.0,1650299840.0,motion,2022-04-18
1650301010.0,1650301240.0,motion,2022-04-18
1650301580.0,1650301690.0,motion,2022-04-18
1650302380.0,1650302390.0,motion,2022-04-18
1650077100.0,1650077120.0,motion,2022-04-16
1650080110.0,1650080120.0,motion,2022-04-16
1650086240.0,1650086250.0,motion,2022-04-16
1650111090.0,1650111100.0,motion,2022-04-16
1650111630.0,1650111640.0,motion,2022-04-16
1650113860.0,1650113870.0,motion,2022-04-16
1650116570.0,1650116890.0,motion,2022-04-16
1650124400.0,1650125060.0,motion,2022-04-16
1650161430.0,1650161450.0,motion,2022-04-17
1650162590.0,1650162890.0,motion,2022-04-17
1650164720.0,1650164730.0,motion,2022-04-17
1650165190.0,1650165200.0,motion,2022-04-17
1650166180.0,1650166370.0,motion,2022-04-17
1650166740.0,1650166750.0,motion,2022-04-17
1650169610.0,1650169910.0,motion,2022-04-17
1650174550.0,1650174800.0,motion,2022-04-17
1650203790.0,1650204150.0,motion,2022-04-17
1650204680.0,1650204700.0,motion,2022-04-17
1649989530.0,1649989550.0,motion,2022-04-15
1649989980.0,1649990300.0,motion,2022-04-15
1650029050.0,1650029060.0,motion,2022-04-15
1650031490.0,1650031950.0,motion,2022-04-15
1650033650.0,1650033660.0,motion,2022-04-15
1650034440.0,1650034460.0,motion,2022-04-15
1650035900.0,1650036580.0,motion,2022-04-15
1650037050.0,1650037080.0,motion,2022-04-15
1650037520.0,1650037790.0,motion,2022-04-15
1650038290.0,1650038300.0,motion,2022-04-15
1650039470.0,1650039480.0,motion,2022-04-15
1650042920.0,1650042930.0,motion,2022-04-15
1649902030.0,1649902040.0,motion,2022-04-14
1649902440.0,1649902450.0,motion,2022-04-14
1649903930.0,1649903950.0,motion,2022-04-14
1649906310.0,1649906320.0,motion,2022-04-14
1649909330.0,1649909340.0,motion,2022-04-14
1649937330.0,1649937350.0,motion,2022-04-14
1649942670.0,1649942720.0,motion,2022-04-14
1649943820.0,1649943830.0,motion,2022-04-14
1649944920.0,1649945050.0,motion,2022-04-14
1649945640.0,1649945650.0,motion,2022-04-14
1649946080.0,1649946450.0,motion,2022-04-14
1649947530.0,1649947560.0,motion,2022-04-14
1649948360.0,1649948730.0,motion,2022-04-14
1649954270.0,1649955000.0,motion,2022-04-14
1649823560.0,1649823570.0,motion,2022-04-13
1649854930.0,1649854940.0,motion,2022-04-13
1649856700.0,1649856710.0,motion,2022-04-13
1649863310.0,1649863320.0,motion,2022-04-13
1649864640.0,1649864650.0,motion,2022-04-13
1649865210.0,1649865220.0,motion,2022-04-13
1649866210.0,1649866240.0,motion,2022-04-13
1649867890.0,1649867900.0,motion,2022-04-13
1649871590.0,1649871600.0,motion,2022-04-13
1650387980.0,1650387990.0,wake,2022-04-19
1650337970.0,1650338090.0,motion,2022-04-19
1650338880.0,1650338900.0,motion,2022-04-19
1650339990.0,1650340010.0,motion,2022-04-19
1650341130.0,1650341150.0,motion,2022-04-19
1650342050.0,1650342080.0,motion,2022-04-19
1650343210.0,1650343220.0,motion,2022-04-19
1650344610.0,1650344630.0,motion,2022-04-19
1650345480.0,1650346140.0,motion,2022-04-19
1650346770.0,1650346790.0,motion,2022-04-19
1650370340.0,1650370360.0,motion,2022-04-19
1650370900.0,1650372170.0,motion,2022-04-19
1650373860.0,1650374160.0,motion,2022-04-19
1650374710.0,1650374740.0,motion,2022-04-19
1650376320.0,1650376340.0,motion,2022-04-19
1650377360.0,1650377410.0,motion,2022-04-19
1650382490.0,1650382510.0,motion,2022-04-19
1650386490.0,1650386500.0,motion,2022-04-19
1650386910.0,1650387190.0,motion,2022-04-19
1650387910.0,1650388310.0,motion,2022-04-19
1650388730.0,1650388740.0,motion,2022-04-19
1650390280.0,1650390830.0,motion,2022-04-19
1650251470.0,1650251500.0,wake,2022-04-18
1650254380.0,1650254400.0,wake,2022-04-18
1650301190.0,1650301250.0,wake,2022-04-18
1650301630.0,1650301700.0,wake,2022-04-18
1650248710.0,1650248880.0,motion,2022-04-18
1650249890.0,1650250130.0,motion,2022-04-18
1650251400.0,1650251500.0,motion,2022-04-18
1650252670.0,1650252710.0,motion,2022-04-18
1650253970.0,1650254400.0,motion,2022-04-18
1650254930.0,1650254960.0,motion,2022-04-18
1650265560.0,1650265580.0,motion,2022-04-18
1650286810.0,1650286850.0,motion,2022-04-18
1650287330.0,1650287530.0,motion,2022-04-18
1650287870.0,1650288030.0,motion,2022-04-18
1650289510.0,1650289680.0,motion,2022-04-18
1650291240.0,1650291250.0,motion,2022-04-18
1650295000.0,1650296120.0,motion,2022-04-18
1650296530.0,1650296540.0,motion,2022-04-18
1650296920.0,1650297140.0,motion,2022-04-18
1650297510.0,1650298680.0,motion,2022-04-18
1650299820.0,1650299990.0,motion,2022-04-18
1650301000.0,1650301960.0,motion,2022-04-18
1650302370.0,1650302390.0,motion,2022-04-18
1650302700.0,1650302720.0,motion,2022-04-18
1650304100.0,1650304120.0,motion,2022-04-18
1650075300.0,1650075310.0,motion,2022-04-16
1650076430.0,1650076450.0,motion,2022-04-16
1650077100.0,1650077120.0,motion,2022-04-16
1650080070.0,1650080280.0,motion,2022-04-16
1650083990.0,1650084020.0,motion,2022-04-16
1650084350.0,1650084360.0,motion,2022-04-16
1650085470.0,1650085490.0,motion,2022-04-16
1650086230.0,1650086360.0,motion,2022-04-16
1650111080.0,1650111270.0,motion,2022-04-16
1650111630.0,1650111640.0,motion,2022-04-16
1650113850.0,1650113870.0,motion,2022-04-16
1650116250.0,1650116900.0,motion,2022-04-16
1650117570.0,1650117590.0,motion,2022-04-16
1650121740.0,1650121760.0,motion,2022-04-16
1650124390.0,1650124880.0,motion,2022-04-16
1650125370.0,1650125730.0,motion,2022-04-16
1650127310.0,1650127320.0,motion,2022-04-16
1650162630.0,1650162680.0,wake,2022-04-17
1650169900.0,1650169920.0,wake,2022-04-17
1650161420.0,1650161450.0,motion,2022-04-17
1650161930.0,1650161940.0,motion,2022-04-17
1650162580.0,1650163730.0,motion,2022-04-17
1650164490.0,1650164740.0,motion,2022-04-17
1650165190.0,1650165500.0,motion,2022-04-17
1650166180.0,1650166370.0,motion,2022-04-17
1650166740.0,1650166840.0,motion,2022-04-17
1650168380.0,1650168390.0,motion,2022-04-17
1650168720.0,1650168730.0,motion,2022-04-17
1650169600.0,1650169920.0,motion,2022-04-17
1650174370.0,1650174870.0,motion,2022-04-17
1650194660.0,1650194680.0,motion,2022-04-17
1650199640.0,1650199650.0,motion,2022-04-17
1650200300.0,1650200310.0,motion,2022-04-17
1650200900.0,1650201220.0,motion,2022-04-17
1650203420.0,1650203430.0,motion,2022-04-17
1650203780.0,1650204150.0,motion,2022-04-17
1650204680.0,1650204780.0,motion,2022-04-17
1650205130.0,1650205140.0,motion,2022-04-17
1650209880.0,1650210120.0,motion,2022-04-17
1650217480.0,1650217500.0,motion,2022-04-17
1650036600.0,1650036640.0,wake,2022-04-15
1650037560.0,1650037580.0,wake,2022-04-15
1649989520.0,1649990300.0,motion,2022-04-15
1649992740.0,1649992750.0,motion,2022-04-15
1649998130.0,1649998160.0,motion,2022-04-15
1650025440.0,1650025450.0,motion,2022-04-15
1650029040.0,1650029070.0,motion,2022-04-15
1650029600.0,1650029610.0,motion,2022-04-15
1650030580.0,1650030590.0,motion,2022-04-15
1650031160.0,1650032050.0,motion,2022-04-15
1650032420.0,1650032430.0,motion,2022-04-15
1650033000.0,1650033010.0,motion,2022-04-15
1650033650.0,1650033950.0,motion,2022-04-15
1650034440.0,1650034460.0,motion,2022-04-15
1650034900.0,1650034920.0,motion,2022-04-15
1650035740.0,1650036620.0,motion,2022-04-15
1650037050.0,1650038300.0,motion,2022-04-15
1650039450.0,1650039500.0,motion,2022-04-15
1650042920.0,1650042940.0,motion,2022-04-15
1649945040.0,1649945070.0,wake,2022-04-14
1649902030.0,1649902040.0,motion,2022-04-14
1649902390.0,1649902480.0,motion,2022-04-14
1649903930.0,1649904260.0,motion,2022-04-14
1649904830.0,1649904850.0,motion,2022-04-14
1649906310.0,1649906330.0,motion,2022-04-14
1649907330.0,1649907350.0,motion,2022-04-14
1649909100.0,1649909540.0,motion,2022-04-14
1649915090.0,1649915100.0,motion,2022-04-14
1649937320.0,1649937350.0,motion,2022-04-14
1649938750.0,1649938790.0,motion,2022-04-14
1649942400.0,1649942780.0,motion,2022-04-14
1649943810.0,1649943840.0,motion,2022-04-14
1649944920.0,1649945700.0,motion,2022-04-14
1649946060.0,1649946600.0,motion,2022-04-14
1649946920.0,1649946930.0,motion,2022-04-14
1649947520.0,1649947720.0,motion,2022-04-14
1649948030.0,1649948730.0,motion,2022-04-14
1649949200.0,1649949220.0,motion,2022-04-14
1649949980.0,1649949990.0,motion,2022-04-14
1649951860.0,1649951870.0,motion,2022-04-14
1649952270.0,1649952300.0,motion,2022-04-14
1649952690.0,1649952930.0,motion,2022-04-14
1649954250.0,1649955580.0,motion,2022-04-14
1649820980.0,1649820990.0,motion,2022-04-13
1649823560.0,1649823580.0,motion,2022-04-13
1649852110.0,1649852740.0,motion,2022-04-13
1649853940.0,1649853950.0,motion,2022-04-13
1649854510.0,1649854960.0,motion,2022-04-13
1649855800.0,1649855870.0,motion,2022-04-13
1649856490.0,1649856710.0,motion,2022-04-13
1649857380.0,1649857390.0,motion,2022-04-13
1649858370.0,1649858380.0,motion,2022-04-13
1649860310.0,1649860450.0,motion,2022-04-13
1649863300.0,1649863320.0,motion,2022-04-13
1649864250.0,1649864260.0,motion,2022-04-13
1649864630.0,1649865240.0,motion,2022-04-13
1649866030.0,1649866240.0,motion,2022-04-13
1649867890.0,1649867900.0,motion,2022-04-13
1649868280.0,1649868290.0,motion,2022-04-13
1649869140.0,1649869150.0,motion,2022-04-13
1649871570.0,1649871610.0,motion,2022-04-13
1649872340.0,1649872360.0,motion,2022-04-13
1650336350.0,1650336960.0,wake,2022-04-19
1650337880.0,1650339740.0,wake,2022-04-19
1650340470.0,1650340510.0,wake,2022-04-19
1650340870.0,1650341530.0,wake,2022-04-19
1650341990.0,1650342160.0,wake,2022-04-19
1650342740.0,1650343090.0,wake,2022-04-19
1650343850.0,1650344080.0,wake,2022-04-19
1650344830.0,1650346840.0,wake,2022-04-19
1650369980.0,1650370000.0,wake,2022-04-19
1650370350.0,1650373420.0,wake,2022-04-19
1650373870.0,1650373960.0,wake,2022-04-19
1650374370.0,1650375120.0,wake,2022-04-19
1650376070.0,1650377550.0,wake,2022-04-19
1650378550.0,1650378620.0,wake,2022-04-19
1650379050.0,1650379240.0,wake,2022-04-19
1650379590.0,1650379720.0,wake,2022-04-19
1650382480.0,1650382580.0,wake,2022-04-19
1650383100.0,1650383440.0,wake,2022-04-19
1650385090.0,1650385170.0,wake,2022-04-19
1650385840.0,1650386070.0,wake,2022-04-19
1650386410.0,1650387350.0,wake,2022-04-19
1650387930.0,1650391190.0,wake,2022-04-19
1650333670.0,1650334170.0,motion,2022-04-19
1650335660.0,1650335870.0,motion,2022-04-19
1650336320.0,1650337530.0,motion,2022-04-19
1650337850.0,1650340020.0,motion,2022-04-19
1650340420.0,1650340490.0,motion,2022-04-19
1650340820.0,1650341520.0,motion,2022-04-19
1650341940.0,1650342220.0,motion,2022-04-19
1650342680.0,1650343240.0,motion,2022-04-19
1650343790.0,1650347530.0,motion,2022-04-19
1650352760.0,1650352840.0,motion,2022-04-19
1650353820.0,1650353840.0,motion,2022-04-19
1650357170.0,1650357220.0,motion,2022-04-19
1650360090.0,1650360110.0,motion,2022-04-19
1650362670.0,1650362720.0,motion,2022-04-19
1650363790.0,1650363820.0,motion,2022-04-19
1650364220.0,1650364240.0,motion,2022-04-19
1650365260.0,1650365290.0,motion,2022-04-19
1650366320.0,1650366340.0,motion,2022-04-19
1650367950.0,1650367990.0,motion,2022-04-19
1650368520.0,1650368540.0,motion,2022-04-19
1650369210.0,1650370000.0,motion,2022-04-19
1650370310.0,1650375320.0,motion,2022-04-19
1650375740.0,1650377540.0,motion,2022-04-19
1650377950.0,1650377970.0,motion,2022-04-19
1650378470.0,1650380170.0,motion,2022-04-19
1650381170.0,1650381550.0,motion,2022-04-19
1650382400.0,1650383430.0,motion,2022-04-19
1650383750.0,1650383760.0,motion,2022-04-19
1650384120.0,1650384480.0,motion,2022-04-19
1650385030.0,1650386060.0,motion,2022-04-19
1650386380.0,1650391170.0,motion,2022-04-19
1650247820.0,1650249240.0,wake,2022-04-18
1650249880.0,1650250450.0,wake,2022-04-18
1650250760.0,1650250820.0,wake,2022-04-18
1650251160.0,1650252300.0,wake,2022-04-18
1650252680.0,1650252760.0,wake,2022-04-18
1650254010.0,1650254470.0,wake,2022-04-18
1650254930.0,1650255190.0,wake,2022-04-18
1650270070.0,1650270110.0,wake,2022-04-18
1650275280.0,1650275360.0,wake,2022-04-18
1650285840.0,1650286200.0,wake,2022-04-18
1650286530.0,1650288530.0,wake,2022-04-18
1650288840.0,1650289570.0,wake,2022-04-18
1650289890.0,1650290430.0,wake,2022-04-18
1650290880.0,1650291350.0,wake,2022-04-18
1650291740.0,1650291930.0,wake,2022-04-18
1650294870.0,1650304750.0,wake,2022-04-18
1650247350.0,1650249260.0,motion,2022-04-18
1650249640.0,1650250790.0,motion,2022-04-18
1650251140.0,1650252720.0,motion,2022-04-18
1650253140.0,1650253160.0,motion,2022-04-18
1650253510.0,1650253560.0,motion,2022-04-18
1650253970.0,1650255140.0,motion,2022-04-18
1650255500.0,1650255830.0,motion,2022-04-18
1650259900.0,1650259920.0,motion,2022-04-18
1650263870.0,1650263890.0,motion,2022-04-18
1650264760.0,1650264780.0,motion,2022-04-18
1650265550.0,1650265840.0,motion,2022-04-18
1650268760.0,1650268790.0,motion,2022-04-18
1650270010.0,1650270100.0,motion,2022-04-18
1650270560.0,1650270580.0,motion,2022-04-18
1650272180.0,1650272200.0,motion,2022-04-18
1650273260.0,1650273290.0,motion,2022-04-18
1650273850.0,1650273890.0,motion,2022-04-18
1650275240.0,1650275360.0,motion,2022-04-18
1650276930.0,1650276950.0,motion,2022-04-18
1650280860.0,1650280880.0,motion,2022-04-18
1650282520.0,1650282550.0,motion,2022-04-18
1650284160.0,1650284170.0,motion,2022-04-18
1650285210.0,1650285360.0,motion,2022-04-18
1650285770.0,1650291900.0,motion,2022-04-18
1650294830.0,1650304720.0,motion,2022-04-18
1650075310.0,1650075620.0,wake,2022-04-16
1650077110.0,1650077120.0,wake,2022-04-16
1650077560.0,1650077750.0,wake,2022-04-16
1650078110.0,1650080790.0,wake,2022-04-16
1650082770.0,1650082830.0,wake,2022-04-16
1650084020.0,1650084430.0,wake,2022-04-16
1650085030.0,1650085780.0,wake,2022-04-16
1650086220.0,1650086470.0,wake,2022-04-16
1650086930.0,1650087070.0,wake,2022-04-16
1650111650.0,1650111700.0,wake,2022-04-16
1650116010.0,1650116970.0,wake,2022-04-16
1650118180.0,1650118230.0,wake,2022-04-16
1650120710.0,1650120920.0,wake,2022-04-16
1650121750.0,1650121780.0,wake,2022-04-16
1650122340.0,1650122520.0,wake,2022-04-16
1650124380.0,1650128570.0,wake,2022-04-16
1650128960.0,1650129160.0,wake,2022-04-16
1650131510.0,1650131840.0,wake,2022-04-16
1650074730.0,1650074750.0,motion,2022-04-16
1650075290.0,1650075620.0,motion,2022-04-16
1650076420.0,1650076760.0,motion,2022-04-16
1650077090.0,1650077130.0,motion,2022-04-16
1650077540.0,1650080780.0,motion,2022-04-16
1650082730.0,1650083340.0,motion,2022-04-16
1650083990.0,1650086450.0,motion,2022-04-16
1650086890.0,1650087040.0,motion,2022-04-16
1650088230.0,1650088250.0,motion,2022-04-16
1650089770.0,1650089790.0,motion,2022-04-16
1650091340.0,1650091360.0,motion,2022-04-16
1650091830.0,1650091850.0,motion,2022-04-16
1650092240.0,1650092270.0,motion,2022-04-16
1650097350.0,1650097390.0,motion,2022-04-16
1650098140.0,1650098170.0,motion,2022-04-16
1650099780.0,1650099800.0,motion,2022-04-16
1650101570.0,1650101630.0,motion,2022-04-16
1650102030.0,1650102050.0,motion,2022-04-16
1650102910.0,1650102940.0,motion,2022-04-16
1650105150.0,1650105170.0,motion,2022-04-16
1650108910.0,1650108930.0,motion,2022-04-16
1650110040.0,1650110060.0,motion,2022-04-16
1650110950.0,1650111280.0,motion,2022-04-16
1650111610.0,1650111670.0,motion,2022-04-16
1650113030.0,1650113040.0,motion,2022-04-16
1650113770.0,1650113880.0,motion,2022-04-16
1650115800.0,1650116920.0,motion,2022-04-16
1650117460.0,1650117590.0,motion,2022-04-16
1650118120.0,1650118790.0,motion,2022-04-16
1650119380.0,1650119400.0,motion,2022-04-16
1650120340.0,1650121190.0,motion,2022-04-16
1650121680.0,1650121770.0,motion,2022-04-16
1650122300.0,1650122630.0,motion,2022-04-16
1650123630.0,1650123660.0,motion,2022-04-16
1650124320.0,1650128550.0,motion,2022-04-16
1650128930.0,1650129290.0,motion,2022-04-16
1650130890.0,1650131930.0,motion,2022-04-16
1650160960.0,1650168810.0,wake,2022-04-17
1650169520.0,1650170070.0,wake,2022-04-17
1650171870.0,1650171940.0,wake,2022-04-17
1650172250.0,1650172500.0,wake,2022-04-17
1650173170.0,1650173270.0,wake,2022-04-17
1650174390.0,1650174960.0,wake,2022-04-17
1650175630.0,1650175650.0,wake,2022-04-17
1650199480.0,1650205660.0,wake,2022-04-17
1650208430.0,1650208650.0,wake,2022-04-17
1650210030.0,1650210520.0,wake,2022-04-17
1650211810.0,1650211840.0,wake,2022-04-17
1650212190.0,1650212480.0,wake,2022-04-17
1650213390.0,1650213700.0,wake,2022-04-17
1650214160.0,1650214730.0,wake,2022-04-17
1650215180.0,1650215530.0,wake,2022-04-17
1650217950.0,1650218020.0,wake,2022-04-17
1650160920.0,1650170060.0,motion,2022-04-17
1650171270.0,1650171290.0,motion,2022-04-17
1650171840.0,1650172570.0,motion,2022-04-17
1650173040.0,1650173330.0,motion,2022-04-17
1650173760.0,1650173770.0,motion,2022-04-17
1650174350.0,1650174920.0,motion,2022-04-17
1650175560.0,1650175590.0,motion,2022-04-17
1650180970.0,1650180990.0,motion,2022-04-17
1650184710.0,1650184730.0,motion,2022-04-17
1650194660.0,1650194680.0,motion,2022-04-17
1650195480.0,1650195500.0,motion,2022-04-17
1650196920.0,1650197370.0,motion,2022-04-17
1650197940.0,1650198850.0,motion,2022-04-17
1650199440.0,1650205660.0,motion,2022-04-17
1650206490.0,1650206660.0,motion,2022-04-17
1650207050.0,1650207380.0,motion,2022-04-17
1650207770.0,1650208050.0,motion,2022-04-17
1650208380.0,1650209210.0,motion,2022-04-17
1650209880.0,1650210500.0,motion,2022-04-17
1650211630.0,1650211830.0,motion,2022-04-17
1650212150.0,1650212720.0,motion,2022-04-17
1650213350.0,1650213700.0,motion,2022-04-17
1650214130.0,1650215560.0,motion,2022-04-17
1650216810.0,1650216830.0,motion,2022-04-17
1650217480.0,1650217510.0,motion,2022-04-17
1650217910.0,1650217980.0,motion,2022-04-17
1649989210.0,1649991350.0,wake,2022-04-15
1649991730.0,1649991830.0,wake,2022-04-15
1649992710.0,1649993520.0,wake,2022-04-15
1649996020.0,1649996120.0,wake,2022-04-15
1649996470.0,1649997200.0,wake,2022-04-15
1649997900.0,1649998640.0,wake,2022-04-15
1650028520.0,1650028550.0,wake,2022-04-15
1650028990.0,1650029110.0,wake,2022-04-15
1650029610.0,1650029680.0,wake,2022-04-15
1650030620.0,1650032630.0,wake,2022-04-15
1650032980.0,1650038770.0,wake,2022-04-15
1650039100.0,1650039560.0,wake,2022-04-15
1650039960.0,1650040080.0,wake,2022-04-15
1650041620.0,1650041680.0,wake,2022-04-15
1650042930.0,1650042960.0,wake,2022-04-15
1649988730.0,1649992120.0,motion,2022-04-15
1649992650.0,1649993500.0,motion,2022-04-15
1649995980.0,1649998620.0,motion,2022-04-15
1649999160.0,1649999220.0,motion,2022-04-15
1650000320.0,1650000340.0,motion,2022-04-15
1650006340.0,1650006360.0,motion,2022-04-15
1650008760.0,1650008780.0,motion,2022-04-15
1650013660.0,1650013920.0,motion,2022-04-15
1650014240.0,1650014450.0,motion,2022-04-15
1650015090.0,1650015350.0,motion,2022-04-15
1650016290.0,1650016310.0,motion,2022-04-15
1650017050.0,1650017060.0,motion,2022-04-15
1650019040.0,1650019070.0,motion,2022-04-15
1650019850.0,1650020180.0,motion,2022-04-15
1650022090.0,1650022120.0,motion,2022-04-15
1650024480.0,1650024510.0,motion,2022-04-15
1650025440.0,1650025460.0,motion,2022-04-15
1650025840.0,1650025980.0,motion,2022-04-15
1650026660.0,1650026750.0,motion,2022-04-15
1650028110.0,1650028540.0,motion,2022-04-15
1650028940.0,1650029070.0,motion,2022-04-15
1650029580.0,1650029910.0,motion,2022-04-15
1650030250.0,1650032640.0,motion,2022-04-15
1650032950.0,1650040090.0,motion,2022-04-15
1650040450.0,1650041840.0,motion,2022-04-15
1650042710.0,1650042950.0,motion,2022-04-15
1649901690.0,1649902910.0,wake,2022-04-14
1649903260.0,1649905680.0,wake,2022-04-14
1649906150.0,1649906400.0,wake,2022-04-14
1649906800.0,1649909920.0,wake,2022-04-14
1649910830.0,1649910850.0,wake,2022-04-14
1649915110.0,1649915510.0,wake,2022-04-14
1649937350.0,1649937410.0,wake,2022-04-14
1649938540.0,1649938870.0,wake,2022-04-14
1649939190.0,1649939860.0,wake,2022-04-14
1649941570.0,1649941630.0,wake,2022-04-14
1649942420.0,1649947020.0,wake,2022-04-14
1649947450.0,1649950620.0,wake,2022-04-14
1649951880.0,1649951960.0,wake,2022-04-14
1649952280.0,1649953550.0,wake,2022-04-14
1649954010.0,1649955620.0,wake,2022-04-14
1649901620.0,1649905680.0,motion,2022-04-14
1649906080.0,1649906380.0,motion,2022-04-14
1649906730.0,1649910270.0,motion,2022-04-14
1649910780.0,1649910930.0,motion,2022-04-14
1649915080.0,1649915590.0,motion,2022-04-14
1649917770.0,1649917790.0,motion,2022-04-14
1649925100.0,1649925120.0,motion,2022-04-14
1649928370.0,1649928390.0,motion,2022-04-14
1649929270.0,1649929280.0,motion,2022-04-14
1649930380.0,1649930400.0,motion,2022-04-14
1649930740.0,1649930760.0,motion,2022-04-14
1649933000.0,1649933010.0,motion,2022-04-14
1649933800.0,1649934220.0,motion,2022-04-14
1649935560.0,1649936000.0,motion,2022-04-14
1649936970.0,1649936980.0,motion,2022-04-14
1649937320.0,1649937370.0,motion,2022-04-14
1649937880.0,1649937900.0,motion,2022-04-14
1649938510.0,1649939870.0,motion,2022-04-14
1649940450.0,1649940470.0,motion,2022-04-14
1649940960.0,1649941130.0,motion,2022-04-14
1649941540.0,1649941910.0,motion,2022-04-14
1649942390.0,1649946980.0,motion,2022-04-14
1649947330.0,1649951390.0,motion,2022-04-14
1649951840.0,1649951940.0,motion,2022-04-14
1649952250.0,1649955690.0,motion,2022-04-14
1649815590.0,1649815620.0,wake,2022-04-13
1649816150.0,1649818560.0,wake,2022-04-13
1649819300.0,1649821330.0,wake,2022-04-13
1649821860.0,1649821950.0,wake,2022-04-13
1649823580.0,1649823650.0,wake,2022-04-13
1649839440.0,1649839510.0,wake,2022-04-13
1649851910.0,1649861150.0,wake,2022-04-13
1649861720.0,1649869900.0,wake,2022-04-13
1649870380.0,1649870430.0,wake,2022-04-13
1649871110.0,1649871690.0,wake,2022-04-13
1649872360.0,1649872450.0,wake,2022-04-13
1649815270.0,1649815570.0,motion,2022-04-13
1649815880.0,1649821900.0,motion,2022-04-13
1649822420.0,1649822440.0,motion,2022-04-13
1649823220.0,1649823610.0,motion,2022-04-13
1649824020.0,1649824280.0,motion,2022-04-13
1649829670.0,1649829680.0,motion,2022-04-13
1649835510.0,1649835530.0,motion,2022-04-13
1649838250.0,1649838280.0,motion,2022-04-13
1649839400.0,1649839470.0,motion,2022-04-13
1649840590.0,1649840610.0,motion,2022-04-13
1649843570.0,1649843600.0,motion,2022-04-13
1649844270.0,1649844390.0,motion,2022-04-13
1649846720.0,1649846740.0,motion,2022-04-13
1649847530.0,1649847550.0,motion,2022-04-13
1649848750.0,1649849040.0,motion,2022-04-13
1649849560.0,1649849590.0,motion,2022-04-13
1649850070.0,1649850080.0,motion,2022-04-13
1649850440.0,1649850790.0,motion,2022-04-13
1649851870.0,1649871670.0,motion,2022-04-13
1649872320.0,1649872610.0,motion,2022-04-13
